aipp_op { 
related_input_rank : 0
input_format : RGB_PLANAR
model_format : RGB
mean_chn_0 : 123.675
mean_chn_1 : 116.28
mean_chn_2 : 103.53
var_reci_chn_0: 0.0171247538316637
var_reci_chn_1: 0.0175070028011204
var_reci_chn_2: 0.0174291938997821
}