1.539827108383178711e+00 1.000000014901161194e-01 1.999999955296516418e-02 3.999999910593032837e-02 -1.589503511786460876e-02 9.961710572242736816e-01 8.596863597631454468e-02 -1.811157166957855225e-01 -8.742573112249374390e-02 9.795682430267333984e-01 9.833333492279052734e-01 0.000000000000000000e+00 1.818118691444396973e-01 1.298911869525909424e-01 7.482297718524932861e-02 3.409999907016754150e-01 -1.000000000000000000e+00
1.293128609657287598e+00 1.000000014901161194e-01 1.999999955296516418e-02 3.999999910593032837e-02 -1.589503511786460876e-02 9.961710572242736816e-01 8.596863597631454468e-02 -1.811157166957855225e-01 -8.742573112249374390e-02 9.795682430267333984e-01 9.833333492279052734e-01 0.000000000000000000e+00 1.818118691444396973e-01 1.424724757671356201e-01 8.638098835945129395e-02 3.440000116825103760e-01 -1.000000000000000000e+00
1.212364554405212402e+00 1.000000014901161194e-01 1.999999955296516418e-02 1.999999955296516418e-02 -1.179472729563713074e-01 9.756166934967041016e-01 1.850959509611129761e-01 -5.242874622344970703e-01 -2.194813638925552368e-01 8.227700591087341309e-01 8.433333039283752441e-01 0.000000000000000000e+00 5.373908281326293945e-01 1.519519984722137451e-01 1.221061870455741882e-01 3.560000061988830566e-01 -1.000000000000000000e+00
9.057033658027648926e-01 9.475432336330413818e-02 1.999999955296516418e-02 3.999999910593032837e-02 7.559296488761901855e-02 -9.657150506973266602e-01 -2.483547776937484741e-01 2.812020480632781982e-01 2.596043050289154053e-01 -9.238674044609069824e-01 9.566666483879089355e-01 0.000000000000000000e+00 2.911853194236755371e-01 9.430649876594543457e-02 -5.016291514039039612e-02 3.030000030994415283e-01 -1.000000000000000000e+00
8.847781419754028320e-01 8.676055073738098145e-02 1.999999955296516418e-02 3.999999910593032837e-02 2.227995842695236206e-01 -9.224731922149658203e-01 -3.152832388877868652e-01 5.323681831359863281e-01 3.860611021518707275e-01 -7.533531188964843750e-01 8.166666626930236816e-01 0.000000000000000000e+00 5.771096348762512207e-01 8.624961227178573608e-02 -5.759466439485549927e-02 3.289999961853027344e-01 -1.000000000000000000e+00
8.087638020515441895e-01 8.817572891712188721e-02 1.999999955296516418e-02 3.999999910593032837e-02 1.223258152604103088e-01 -9.838520288467407227e-01 -1.306580156087875366e-01 6.724109053611755371e-01 1.789835691452026367e-01 -7.182120084762573242e-01 7.300000190734863281e-01 0.000000000000000000e+00 6.834471821784973145e-01 2.393301809206604958e-03 -5.608867481350898743e-02 4.239999949932098389e-01 -1.000000000000000000e+00
7.747774720191955566e-01 8.511005342006683350e-02 1.999999955296516418e-02 1.999999955296516418e-02 -1.589503511786460876e-02 9.844776391983032227e-01 -1.747887134552001953e-01 -1.811157166957855225e-01 1.690841466188430786e-01 9.688177108764648438e-01 9.833333492279052734e-01 4.705637320876121521e-02 1.756167709827423096e-01 3.668034449219703674e-02 6.612398475408554077e-02 4.769999980926513672e-01 -1.000000000000000000e+00
7.471769452095031738e-01 1.000000014901161194e-01 1.999999955296516418e-02 9.999999776482582092e-03 -1.589503511786460876e-02 9.961710572242736816e-01 8.596863597631454468e-02 -1.811157166957855225e-01 -8.742573112249374390e-02 9.795682430267333984e-01 9.833333492279052734e-01 0.000000000000000000e+00 1.818118691444396973e-01 1.318492591381072998e-01 5.227729305624961853e-02 3.350000083446502686e-01 -1.000000000000000000e+00
7.437945604324340820e-01 9.009993821382522583e-02 1.999999955296516418e-02 3.999999910593032837e-02 2.277477271854877472e-02 -9.989326000213623047e-01 -4.018656164407730103e-02 4.925254285335540771e-01 4.619145020842552185e-02 -8.690713644027709961e-01 8.700000047683715820e-01 0.000000000000000000e+00 4.930517077445983887e-01 1.021310761570930481e-01 -5.754001811146736145e-02 3.199999928474426270e-01 -1.000000000000000000e+00
7.377088665962219238e-01 9.630823880434036255e-02 1.999999955296516418e-02 3.999999910593032837e-02 4.324139654636383057e-01 -7.322567105293273926e-01 -5.261353254318237305e-01 3.008623719215393066e-01 6.672414541244506836e-01 -6.813741326332092285e-01 8.500000238418579102e-01 1.363413929939270020e-01 5.088329911231994629e-01 -1.467143744230270386e-02 -4.809052869677543640e-02 4.129999876022338867e-01 -1.000000000000000000e+00
7.273062467575073242e-01 9.850557148456573486e-02 1.999999955296516418e-02 3.999999910593032837e-02 4.565516710281372070e-01 8.724563121795654297e-01 -1.743001937866210938e-01 -8.150764107704162598e-01 4.886921048164367676e-01 3.111760914325714111e-01 3.566666841506958008e-01 0.000000000000000000e+00 9.342317581176757812e-01 -1.053372491151094437e-02 -3.407540498301386833e-04 4.309999942779541016e-01 -1.000000000000000000e+00
7.022252678871154785e-01 8.871154487133026123e-02 1.999999955296516418e-02 3.999999910593032837e-02 -3.159156739711761475e-01 -9.067866206169128418e-01 -2.791688442230224609e-01 -9.423891305923461914e-01 3.340078890323638916e-01 -1.847776770591735840e-02 1.099999994039535522e-01 2.572482824325561523e-01 -9.600642323493957520e-01 1.507410854101181030e-01 1.538176685571670532e-01 3.829999864101409912e-01 -1.000000000000000000e+00
6.975192427635192871e-01 1.000000014901161194e-01 1.999999955296516418e-02 1.999999955296516418e-02 -1.589503511786460876e-02 9.961710572242736816e-01 8.596863597631454468e-02 -1.811157166957855225e-01 -8.742573112249374390e-02 9.795682430267333984e-01 9.833333492279052734e-01 0.000000000000000000e+00 1.818118691444396973e-01 1.194906830787658691e-01 -2.779108239337801933e-03 3.190000057220458984e-01 -1.000000000000000000e+00
6.823167204856872559e-01 8.768527954816818237e-02 1.999999955296516418e-02 3.999999910593032837e-02 1.223258152604103088e-01 -9.838520288467407227e-01 -1.306580156087875366e-01 6.724109053611755371e-01 1.789835691452026367e-01 -7.182120084762573242e-01 7.300000190734863281e-01 0.000000000000000000e+00 6.834471821784973145e-01 9.591363370418548584e-02 -6.386040151119232178e-02 3.490000069141387939e-01 -1.000000000000000000e+00
6.763374805450439453e-01 9.111680090427398682e-02 1.999999955296516418e-02 9.999999776482582092e-03 -3.189421724528074265e-03 9.999881386756896973e-01 3.691229503601789474e-03 -6.537930965423583984e-01 -4.878276959061622620e-03 7.566576600074768066e-01 7.566666603088378906e-01 0.000000000000000000e+00 6.538009047508239746e-01 1.369335651397705078e-01 1.301653385162353516e-01 3.580000102519989014e-01 -1.000000000000000000e+00
6.682282686233520508e-01 8.276391774415969849e-02 1.999999955296516418e-02 2.999999932944774628e-02 6.226764321327209473e-01 7.801389694213867188e-01 6.047527119517326355e-02 -7.764855027198791504e-01 6.256062388420104980e-01 -7.541343569755554199e-02 -9.666667133569717407e-02 0.000000000000000000e+00 9.953168630599975586e-01 -4.102708026766777039e-02 -1.101255938410758972e-01 4.149999916553497314e-01 -1.000000000000000000e+00
6.604995727539062500e-01 7.396369427442550659e-02 1.999999955296516418e-02 2.999999932944774628e-02 4.683450758457183838e-01 -7.849947810173034668e-01 -4.055071771144866943e-01 1.936754025518894196e-02 4.679653048515319824e-01 -8.835345506668090820e-01 8.833333253860473633e-01 4.059453904628753662e-01 2.343726605176925659e-01 -8.232626318931579590e-02 6.294272840023040771e-02 4.390000104904174805e-01 -1.000000000000000000e+00
6.417102217674255371e-01 6.732705980539321899e-02 1.999999955296516418e-02 2.999999932944774628e-02 -3.879507184028625488e-01 -6.323673725128173828e-01 -6.705265045166015625e-01 -7.294859886169433594e-01 6.553226113319396973e-01 -1.959654539823532104e-01 5.633333325386047363e-01 4.131147563457489014e-01 -7.155360579490661621e-01 -1.889305263757705688e-01 -5.783849209547042847e-02 4.269999861717224121e-01 -1.000000000000000000e+00
6.149277687072753906e-01 9.322990477085113525e-02 1.999999955296516418e-02 9.999999776482582092e-03 -1.589503511786460876e-02 9.961710572242736816e-01 8.596863597631454468e-02 -1.811157166957855225e-01 -8.742573112249374390e-02 9.795682430267333984e-01 9.833333492279052734e-01 0.000000000000000000e+00 1.818118691444396973e-01 1.040266975760459900e-01 -1.472130417823791504e-02 3.149999976158142090e-01 -1.000000000000000000e+00
6.065523028373718262e-01 9.673710912466049194e-02 1.999999955296516418e-02 1.999999955296516418e-02 -8.158158510923385620e-02 9.966666698455810547e-01 -4.356568439334296272e-08 0.000000000000000000e+00 4.371138828673792887e-08 1.000000000000000000e+00 9.966666698455810547e-01 8.158158510923385620e-02 -3.566044348701780109e-09 1.108521595597267151e-01 -3.598056733608245850e-02 3.089999854564666748e-01 -1.000000000000000000e+00
5.840306282043457031e-01 1.000000014901161194e-01 1.999999955296516418e-02 3.999999910593032837e-02 1.040186807513237000e-01 -9.499893188476562500e-01 -2.944491803646087646e-01 9.528963267803192139e-02 3.042124211788177490e-01 -9.478262662887573242e-01 9.900000095367431641e-01 7.053368538618087769e-02 1.221679225564002991e-01 1.142642498016357422e-01 8.852767199277877808e-02 3.459999859333038330e-01 -1.000000000000000000e+00
5.827705264091491699e-01 7.268664985895156860e-02 1.999999955296516418e-02 2.999999932944774628e-02 4.683450758457183838e-01 -6.532937288284301758e-01 -5.948614478111267090e-01 1.936754025518894196e-02 6.806953549385070801e-01 -7.323105335235595703e-01 8.833333253860473633e-01 3.314530253410339355e-01 3.314530253410339355e-01 -1.373071968555450439e-01 -1.696126908063888550e-02 4.370000064373016357e-01 -1.000000000000000000e+00
5.588949322700500488e-01 7.151373475790023804e-02 1.999999955296516418e-02 2.999999932944774628e-02 4.683450758457183838e-01 -6.532937288284301758e-01 -5.948614478111267090e-01 1.936754025518894196e-02 6.806953549385070801e-01 -7.323105335235595703e-01 8.833333253860473633e-01 3.314530253410339355e-01 3.314530253410339355e-01 -1.573044806718826294e-01 -3.395568579435348511e-02 4.329999983310699463e-01 -1.000000000000000000e+00
5.570032596588134766e-01 1.000000014901161194e-01 1.999999955296516418e-02 1.999999955296516418e-02 -1.589503511786460876e-02 9.961710572242736816e-01 8.596863597631454468e-02 -1.811157166957855225e-01 -8.742573112249374390e-02 9.795682430267333984e-01 9.833333492279052734e-01 0.000000000000000000e+00 1.818118691444396973e-01 1.281828433275222778e-01 2.460809424519538879e-02 3.269999921321868896e-01 -1.000000000000000000e+00
5.234678387641906738e-01 6.984465569257736206e-02 1.999999955296516418e-02 2.999999932944774628e-02 -3.879507184028625488e-01 -6.323673725128173828e-01 -6.705265045166015625e-01 -7.294859886169433594e-01 6.553226113319396973e-01 -1.959654539823532104e-01 5.633333325386047363e-01 4.131147563457489014e-01 -7.155360579490661621e-01 -1.226430311799049377e-01 -9.388479404151439667e-03 4.390000104904174805e-01 -1.000000000000000000e+00
5.160694718360900879e-01 8.141556382179260254e-02 1.999999955296516418e-02 2.999999932944774628e-02 1.522258222103118896e-01 9.871571063995361328e-01 -4.845830425620079041e-02 -9.406467080116271973e-01 1.597526520490646362e-01 2.994376718997955322e-01 3.033333420753479004e-01 0.000000000000000000e+00 9.528845548629760742e-01 -1.575779616832733154e-01 2.004047334194183350e-01 4.990000128746032715e-01 -1.000000000000000000e+00
5.103259086608886719e-01 9.434408694505691528e-02 1.999999955296516418e-02 2.999999932944774628e-02 2.227995842695236206e-01 -9.224731922149658203e-01 -3.152832388877868652e-01 5.323681831359863281e-01 3.860611021518707275e-01 -7.533531188964843750e-01 8.166666626930236816e-01 0.000000000000000000e+00 5.771096348762512207e-01 8.914027363061904907e-02 -6.810461729764938354e-02 3.689999878406524658e-01 -1.000000000000000000e+00
5.066872239112854004e-01 9.677586704492568970e-02 1.999999955296516418e-02 3.999999910593032837e-02 7.771805524826049805e-01 6.441976130008697510e-02 -6.259716749191284180e-01 -1.788274347782135010e-01 9.763436317443847656e-01 -1.215476393699645996e-01 6.033333539962768555e-01 2.064053714275360107e-01 7.703152894973754883e-01 -2.373384684324264526e-02 -2.579990588128566742e-02 4.230000078678131104e-01 -1.000000000000000000e+00
4.963712096214294434e-01 7.809020578861236572e-02 1.999999955296516418e-02 2.999999932944774628e-02 -4.925661683082580566e-01 7.614960670471191406e-01 4.213101267814636230e-01 -5.786869525909423828e-01 -6.481694579124450684e-01 4.949724376201629639e-01 6.499999761581420898e-01 0.000000000000000000e+00 7.599341869354248047e-01 -5.869229882955551147e-02 7.059314101934432983e-02 4.390000104904174805e-01 -1.000000000000000000e+00
4.886573851108551025e-01 9.333665668964385986e-02 1.999999955296516418e-02 2.999999932944774628e-02 -5.150603130459785461e-02 -9.587675333023071289e-01 -2.794851064682006836e-01 -9.193732738494873047e-01 1.548106670379638672e-01 -3.616442084312438965e-01 3.900000154972076416e-01 2.383242845535278320e-01 -8.894389271736145020e-01 1.333417594432830811e-01 1.506047695875167847e-01 3.750000000000000000e-01 -1.000000000000000000e+00
4.741951823234558105e-01 7.116025686264038086e-02 1.999999955296516418e-02 2.999999932944774628e-02 4.683450758457183838e-01 -6.532937288284301758e-01 -5.948614478111267090e-01 1.936754025518894196e-02 6.806953549385070801e-01 -7.323105335235595703e-01 8.833333253860473633e-01 3.314530253410339355e-01 3.314530253410339355e-01 -1.671841889619827271e-01 -5.554764717817306519e-02 4.250000119209289551e-01 -1.000000000000000000e+00
4.622926115989685059e-01 7.309264689683914185e-02 1.999999955296516418e-02 2.999999932944774628e-02 7.745015621185302734e-01 -4.615442156791687012e-01 -4.325786530971527100e-01 2.743125557899475098e-01 8.612512946128845215e-01 -4.277835786342620850e-01 5.699999928474426270e-01 2.126573026180267334e-01 7.936478257179260254e-01 6.557769328355789185e-02 -5.718980729579925537e-02 3.779999911785125732e-01 -1.000000000000000000e+00
4.523527622222900391e-01 7.769204676151275635e-02 1.999999955296516418e-02 2.999999932944774628e-02 1.089169755578041077e-01 9.619451761245727539e-01 -2.505966424942016602e-01 -9.920312762260437012e-01 8.912338316440582275e-02 -8.905638754367828369e-02 -6.333333998918533325e-02 2.582994699478149414e-01 9.639867544174194336e-01 1.057274118065834045e-01 1.214820966124534607e-01 4.320000112056732178e-01 -1.000000000000000000e+00
4.516285657882690430e-01 6.878844648599624634e-02 1.999999955296516418e-02 2.999999932944774628e-02 5.412731170654296875e-01 -8.036545515060424805e-01 2.473109364509582520e-01 -5.492531061172485352e-01 -5.606290698051452637e-01 -6.196902990341186523e-01 6.366666555404663086e-01 1.995853632688522339e-01 -7.448632121086120605e-01 -3.608544915914535522e-02 -1.158487871289253235e-01 3.899999856948852539e-01 -1.000000000000000000e+00
4.333283007144927979e-01 8.026919513940811157e-02 1.999999955296516418e-02 2.999999932944774628e-02 -3.410166203975677490e-01 7.053799033164978027e-01 6.214070916175842285e-01 -3.393570780754089355e-01 -7.088294029235839844e-01 6.183830499649047852e-01 8.766666650772094727e-01 0.000000000000000000e+00 4.810982644557952881e-01 -3.491114825010299683e-02 9.998206049203872681e-02 4.460000097751617432e-01 -1.000000000000000000e+00
4.298909902572631836e-01 7.904026657342910767e-02 1.999999955296516418e-02 1.999999955296516418e-02 7.483912706375122070e-01 -1.236713379621505737e-01 -6.516256332397460938e-01 9.327056258916854858e-02 9.923232793807983398e-01 -8.121085166931152344e-02 6.566666960716247559e-01 0.000000000000000000e+00 7.541809678077697754e-01 6.657893955707550049e-02 -5.870114266872406006e-02 4.140000045299530029e-01 -1.000000000000000000e+00
4.241989552974700928e-01 1.000000014901161194e-01 1.999999955296516418e-02 3.999999910593032837e-02 -1.052845492959022522e-01 9.863092899322509766e-01 1.269222050905227661e-01 6.126206517219543457e-01 -3.620731830596923828e-02 7.895473241806030273e-01 7.833333611488342285e-01 1.608823090791702271e-01 -6.004213094711303711e-01 1.130513101816177368e-01 -5.568882450461387634e-02 3.070000112056732178e-01 -1.000000000000000000e+00
4.149085879325866699e-01 6.759433448314666748e-02 1.999999955296516418e-02 2.999999932944774628e-02 6.024612188339233398e-01 -3.872675299644470215e-01 6.978999376296997070e-01 5.654166936874389648e-01 8.242329359054565430e-01 -3.072494268417358398e-02 -5.633333325386047363e-01 4.131148457527160645e-01 7.155358791351318359e-01 6.349105387926101685e-02 -5.350802093744277954e-02 3.499999940395355225e-01 -1.000000000000000000e+00
4.090959429740905762e-01 7.881218940019607544e-02 1.999999955296516418e-02 2.999999932944774628e-02 1.558604836463928223e-01 -7.908139228820800781e-01 -5.918791890144348145e-01 -7.258150577545166016e-01 3.147434592247009277e-01 -6.116609573364257812e-01 6.700000166893005371e-01 5.249286293983459473e-01 -5.249285697937011719e-01 -5.867007002234458923e-02 1.019996330142021179e-01 4.550000131130218506e-01 -1.000000000000000000e+00
3.967300057411193848e-01 1.000000014901161194e-01 1.999999955296516418e-02 1.999999955296516418e-02 1.040186807513237000e-01 -9.499893188476562500e-01 -2.944491803646087646e-01 9.528963267803192139e-02 3.042124211788177490e-01 -9.478262662887573242e-01 9.900000095367431641e-01 7.053368538618087769e-02 1.221679225564002991e-01 1.092686653137207031e-01 6.525401771068572998e-02 3.389999866485595703e-01 -1.000000000000000000e+00
3.852165043354034424e-01 8.004935830831527710e-02 1.999999955296516418e-02 2.999999932944774628e-02 -9.778558611869812012e-01 1.755152493715286255e-01 -1.139839068055152893e-01 -1.121910214424133301e-01 2.013719826936721802e-02 9.934825897216796875e-01 1.766666620969772339e-01 9.842707514762878418e-01 -4.302384226662070432e-08 1.595380455255508423e-01 5.262112244963645935e-02 3.630000054836273193e-01 -1.000000000000000000e+00
3.839064240455627441e-01 6.650650501251220703e-02 1.999999955296516418e-02 2.999999932944774628e-02 7.559296488761901855e-02 -9.605111479759216309e-01 2.677759826183319092e-01 2.812020480632781982e-01 -2.371097803115844727e-01 -9.298948049545288086e-01 9.566666483879089355e-01 1.455926597118377686e-01 2.521738708019256592e-01 -1.545117795467376709e-01 1.516346931457519531e-01 4.749999940395355225e-01 -1.000000000000000000e+00
3.698441684246063232e-01 9.193469583988189697e-02 1.999999955296516418e-02 2.999999932944774628e-02 -3.410166203975677490e-01 8.421766161918640137e-01 4.176673889160156250e-01 -3.393570780754089355e-01 -5.246272683143615723e-01 7.807707190513610840e-01 8.766666650772094727e-01 1.245173960924148560e-01 4.647052288055419922e-01 -4.740920290350914001e-02 6.084595620632171631e-02 4.440000057220458984e-01 -1.000000000000000000e+00
3.665414154529571533e-01 6.003207713365554810e-02 1.999999955296516418e-02 1.999999955296516418e-02 -2.471069693565368652e-01 9.342623949050903320e-01 -2.570833563804626465e-01 -6.665286421775817871e-01 2.869057655334472656e-02 7.449271678924560547e-01 7.033333778381347656e-01 3.554300963878631592e-01 6.156229972839355469e-01 -1.403800547122955322e-01 1.045360714197158813e-01 4.729999899864196777e-01 -1.000000000000000000e+00
3.664691746234893799e-01 8.036789298057556152e-02 1.999999955296516418e-02 2.999999932944774628e-02 4.683450758457183838e-01 -6.532937288284301758e-01 -5.948614478111267090e-01 1.936754025518894196e-02 6.806953549385070801e-01 -7.323105335235595703e-01 8.833333253860473633e-01 3.314530253410339355e-01 3.314530253410339355e-01 -6.739637255668640137e-02 8.443725109100341797e-02 4.460000097751617432e-01 -1.000000000000000000e+00
3.647086024284362793e-01 1.000000014901161194e-01 1.999999955296516418e-02 1.999999955296516418e-02 1.040186807513237000e-01 -9.499893188476562500e-01 -2.944491803646087646e-01 9.528963267803192139e-02 3.042124211788177490e-01 -9.478262662887573242e-01 9.900000095367431641e-01 7.053368538618087769e-02 1.221679225564002991e-01 8.789760619401931763e-02 -3.777988720685243607e-03 3.179999887943267822e-01 -1.000000000000000000e+00
3.628853559494018555e-01 9.585569053888320923e-02 1.999999955296516418e-02 1.999999955296516418e-02 1.439181715250015259e-01 -9.874837398529052734e-01 -6.452473998069763184e-02 -2.771056890487670898e-01 2.238065004348754883e-02 -9.605787396430969238e-01 9.499999880790710449e-01 1.561249047517776489e-01 -2.704163789749145508e-01 -1.651840358972549438e-01 1.118704378604888916e-01 4.819999933242797852e-01 -1.000000000000000000e+00
3.556874990463256836e-01 7.381045073270797729e-02 1.999999955296516418e-02 1.999999955296516418e-02 3.722844421863555908e-01 -8.627549409866333008e-01 -3.421378135681152344e-01 6.352373957633972168e-01 5.056223869323730469e-01 -5.837975144386291504e-01 6.766666769981384277e-01 0.000000000000000000e+00 7.362895607948303223e-01 7.983280718326568604e-02 -6.022055819630622864e-02 3.440000116825103760e-01 -1.000000000000000000e+00
3.528447151184082031e-01 9.695223718881607056e-02 1.999999955296516418e-02 3.999999910593032837e-02 -2.471069693565368652e-01 -8.424087762832641602e-01 -4.788377881050109863e-01 -6.665286421775817871e-01 5.064556598663330078e-01 -5.470304489135742188e-01 7.033333778381347656e-01 1.839840561151504517e-01 -6.866382360458374023e-01 2.159137651324272156e-02 3.428578202147036791e-04 4.320000112056732178e-01 -1.000000000000000000e+00
3.486294150352478027e-01 9.762270003557205200e-02 1.999999955296516418e-02 1.999999955296516418e-02 1.439181715250015259e-01 -9.705362319946289062e-01 1.932534724473953247e-01 -2.771056890487670898e-01 -2.269980013370513916e-01 -9.336403608322143555e-01 9.499999880790710449e-01 8.081617206335067749e-02 -3.016102612018585205e-01 2.369053848087787628e-02 5.068928003311157227e-02 4.740000069141387939e-01 -1.000000000000000000e+00
