aipp_op{
       aipp_mode : static
       input_format : RGB888_U8
       src_image_size_w : 640
       src_image_size_h : 640

       csc_switch : false
       rbuv_swap_switch : false

       crop: false
       load_start_pos_h : 0
       load_start_pos_w : 0
       crop_size_w : 640
       crop_size_h : 640

       min_chn_0 : 0
       min_chn_1 : 0
       min_chn_2 : 0
       var_reci_chn_0: 0.0039215686274509803921568627451
       var_reci_chn_1: 0.0039215686274509803921568627451
       var_reci_chn_2: 0.0039215686274509803921568627451
}