wall_time,elapsed_s,mode,roll_deg,pitch_deg,yaw_deg,speed_mps,accel_g,gyro_dps,stationary,ax_g,ay_g,az_g,gx_dps,gy_dps,gz_dps,alerts
1783262468.063,0.000,straight_walk,1.80,-18.51,31.29,0.77,1.00,11.95,0,0.32,0.05,0.95,-0.24,-2.07,11.77,
1783262468.081,0.018,straight_walk,1.73,-18.54,31.52,0.77,0.99,11.06,0,0.31,0.04,0.94,-0.67,-1.65,10.91,
1783262468.101,0.038,straight_walk,1.67,-18.56,31.75,0.76,0.99,11.14,0,0.30,0.04,0.94,-0.06,-1.52,11.04,
1783262468.121,0.058,straight_walk,1.63,-18.59,32.02,0.76,1.00,12.71,0,0.31,0.05,0.94,0.61,-1.34,12.62,
1783262468.141,0.078,straight_walk,1.58,-18.65,32.33,0.76,0.99,14.91,0,0.34,0.04,0.93,1.83,-1.04,14.76,
1783262468.161,0.098,straight_walk,1.55,-18.70,32.70,0.75,0.99,17.61,0,0.35,0.04,0.92,3.17,0.06,17.32,
1783262468.181,0.118,straight_walk,1.56,-18.74,33.12,0.75,1.02,20.70,0,0.37,0.07,0.95,4.63,1.46,20.12,
1783262468.201,0.138,straight_walk,1.59,-18.73,33.61,0.76,1.03,23.86,0,0.36,0.09,0.96,5.55,3.17,22.99,
1783262468.221,0.158,straight_walk,1.58,-18.70,34.15,0.76,1.02,26.78,0,0.37,0.07,0.95,6.10,4.94,25.61,
1783262468.241,0.178,straight_walk,1.55,-18.63,34.75,0.76,0.99,30.07,0,0.36,0.03,0.93,7.26,6.89,28.35,
1783262468.261,0.198,straight_walk,1.51,-18.51,35.39,0.75,0.98,32.15,0,0.34,0.02,0.92,8.11,8.66,29.88,
1783262468.281,0.218,straight_walk,1.45,-18.33,36.03,0.75,0.99,33.03,0,0.32,0.01,0.94,8.23,10.24,30.30,
1783262468.301,0.238,straight_walk,1.36,-18.10,36.65,0.74,0.98,32.06,0,0.29,-0.02,0.94,7.62,11.28,29.02,
1783262468.321,0.258,straight_walk,1.25,-17.83,37.22,0.74,0.99,29.95,0,0.26,-0.04,0.95,7.13,11.52,26.71,
1783262468.341,0.278,straight_walk,1.14,-17.55,37.71,0.73,0.99,26.39,0,0.25,-0.05,0.96,5.79,11.59,22.99,
1783262468.361,0.298,straight_walk,1.01,-17.28,38.10,0.72,1.00,21.83,0,0.25,-0.06,0.97,4.02,10.91,18.48,
1783262468.381,0.318,straight_walk,0.87,-17.04,38.38,0.72,1.01,16.68,0,0.26,-0.07,0.97,2.07,9.70,13.41,
1783262468.401,0.338,straight_walk,0.73,-16.82,38.57,0.72,1.02,13.44,0,0.27,-0.06,0.98,0.37,10.12,8.84,
1783262468.421,0.358,straight_walk,0.60,-16.61,38.67,0.72,1.01,11.06,0,0.29,-0.05,0.97,-1.22,10.00,4.57,
1783262468.441,0.378,straight_walk,0.48,-16.42,38.71,0.72,1.02,11.12,0,0.31,-0.04,0.97,-2.44,10.67,1.95,
1783262468.461,0.398,straight_walk,0.36,-16.21,38.72,0.72,1.02,11.64,0,0.29,-0.05,0.97,-2.87,11.28,0.24,
1783262468.481,0.418,straight_walk,0.25,-15.99,38.70,0.72,1.03,12.37,0,0.30,-0.04,0.99,-3.05,11.95,-0.98,
1783262468.501,0.438,straight_walk,0.17,-15.76,38.68,0.73,1.02,12.49,0,0.29,-0.02,0.98,-2.93,12.07,-1.28,
1783262468.521,0.458,straight_walk,0.10,-15.51,38.65,0.73,1.02,12.89,0,0.27,-0.01,0.98,-2.87,12.50,-1.34,
1783262468.541,0.478,straight_walk,0.02,-15.26,38.63,0.73,1.01,12.98,0,0.27,-0.02,0.97,-3.05,12.56,-1.16,
1783262468.561,0.498,straight_walk,-0.06,-15.00,38.59,0.73,1.00,12.78,0,0.25,-0.03,0.97,-2.80,12.38,-1.52,
1783262468.581,0.518,straight_walk,-0.14,-14.74,38.55,0.73,1.02,12.63,0,0.25,-0.03,0.98,-2.44,12.20,-2.20,
1783262468.601,0.538,straight_walk,-0.19,-14.50,38.48,0.73,1.01,11.98,0,0.24,-0.02,0.98,-2.26,11.28,-3.35,
1783262468.621,0.558,straight_walk,-0.24,-14.27,38.38,0.73,1.01,11.77,0,0.23,-0.02,0.98,-2.80,10.30,-4.94,
1783262468.641,0.578,straight_walk,-0.29,-14.05,38.25,0.73,1.01,12.43,0,0.22,-0.02,0.98,-3.48,10.18,-6.22,
1783262468.661,0.598,straight_walk,-0.37,-13.84,38.09,0.73,1.02,12.11,0,0.21,-0.03,0.99,-4.21,8.41,-7.62,
1783262468.681,0.618,straight_walk,-0.44,-13.65,37.91,0.73,1.03,11.37,0,0.20,-0.03,1.01,-3.78,6.65,-8.41,
1783262468.701,0.638,straight_walk,-0.48,-13.49,37.73,0.74,1.04,10.97,0,0.19,-0.02,1.02,-3.66,5.06,-9.02,
1783262468.721,0.658,straight_walk,-0.51,-13.39,37.53,0.74,1.03,10.52,0,0.19,-0.01,1.01,-3.78,2.44,-9.51,
1783262468.741,0.678,straight_walk,-0.55,-13.36,37.33,0.74,1.03,10.81,0,0.22,-0.01,1.00,-4.15,0.91,-9.94,
1783262468.761,0.698,straight_walk,-0.59,-13.37,37.12,0.75,1.03,11.01,0,0.25,-0.02,1.00,-4.33,0.12,-10.12,
1783262468.781,0.718,straight_walk,-0.62,-13.39,36.91,0.75,1.03,10.86,0,0.26,-0.02,1.00,-3.60,0.37,-10.24,
1783262468.801,0.738,straight_walk,-0.62,-13.42,36.71,0.75,1.02,10.05,0,0.26,0.00,0.99,-2.87,0.18,-9.63,
1783262468.821,0.758,straight_walk,-0.60,-13.45,36.53,0.75,1.02,8.95,0,0.27,0.02,0.99,-2.44,0.43,-8.60,
1783262468.841,0.778,straight_walk,-0.57,-13.47,36.40,0.75,1.02,7.17,0,0.27,0.02,0.98,-2.38,0.85,-6.71,
1783262468.861,0.798,straight_walk,-0.56,-13.47,36.30,0.75,1.01,5.14,0,0.25,0.02,0.98,-2.07,1.34,-4.51,
1783262468.881,0.818,straight_walk,-0.56,-13.46,36.25,0.75,1.00,3.11,0,0.25,0.01,0.97,-1.59,1.34,-2.32,
1783262468.901,0.838,straight_walk,-0.57,-13.46,36.24,0.75,1.00,1.63,1,0.25,-0.00,0.96,-0.98,1.04,-0.79,
1783262468.921,0.858,straight_walk,-0.58,-13.46,36.23,0.75,1.00,1.24,1,0.25,-0.01,0.96,-0.37,1.16,-0.24,
1783262468.941,0.878,straight_walk,-0.58,-13.45,36.23,0.74,1.00,2.04,1,0.26,-0.01,0.97,0.18,2.01,-0.30,
1783262468.961,0.898,straight_walk,-0.58,-13.42,36.21,0.74,1.01,2.59,1,0.25,-0.02,0.97,0.18,2.44,-0.85,
1783262468.981,0.918,straight_walk,-0.59,-13.37,36.17,0.74,1.00,3.16,0,0.24,-0.03,0.97,0.00,2.62,-1.77,
1783262469.001,0.938,straight_walk,-0.60,-13.33,36.12,0.74,1.00,3.63,0,0.23,-0.04,0.97,0.18,2.50,-2.62,
1783262469.021,0.958,straight_walk,-0.61,-13.28,36.05,0.74,1.01,3.87,0,0.23,-0.03,0.98,0.30,2.01,-3.29,
1783262469.041,0.978,straight_walk,-0.59,-13.23,35.98,0.74,1.01,3.81,0,0.21,-0.02,0.99,0.37,1.65,-3.41,
1783262469.061,0.998,straight_walk,-0.56,-13.19,35.91,0.74,1.01,3.38,0,0.21,-0.01,0.99,0.49,0.85,-3.23,
1783262469.081,1.018,straight_walk,-0.54,-13.20,35.85,0.73,1.01,2.83,1,0.24,-0.00,0.98,0.37,0.00,-2.80,
1783262469.101,1.038,straight_walk,-0.53,-13.22,35.80,0.74,1.02,2.52,0,0.26,-0.02,0.98,0.24,0.24,-2.50,
1783262469.121,1.058,straight_walk,-0.53,-13.24,35.76,0.74,1.03,2.37,0,0.26,-0.02,1.00,0.24,0.85,-2.20,
1783262469.141,1.078,straight_walk,-0.51,-13.23,35.72,0.74,1.03,2.25,0,0.25,-0.01,1.00,0.61,1.16,-1.83,
1783262469.161,1.098,straight_walk,-0.49,-13.23,35.69,0.74,1.02,1.96,0,0.25,-0.01,0.99,0.85,0.98,-1.46,
1783262469.181,1.118,straight_walk,-0.47,-13.24,35.67,0.75,1.02,1.67,0,0.25,-0.02,0.99,0.85,0.85,-1.16,
1783262469.201,1.138,straight_walk,-0.46,-13.22,35.65,0.75,1.02,1.79,1,0.24,-0.02,1.00,0.85,1.28,-0.91,
1783262469.221,1.158,straight_walk,-0.44,-13.18,35.63,0.75,1.03,1.72,0,0.22,-0.01,1.00,0.85,1.22,-0.85,
1783262469.241,1.178,straight_walk,-0.41,-13.14,35.61,0.75,1.03,1.46,0,0.21,-0.00,1.00,0.85,0.67,-0.98,
1783262469.261,1.198,straight_walk,-0.39,-13.13,35.58,0.76,1.02,1.49,1,0.22,-0.01,1.00,0.85,-0.12,-1.22,
1783262469.281,1.218,straight_walk,-0.38,-13.14,35.55,0.76,1.02,1.91,1,0.24,-0.02,0.99,1.22,-0.43,-1.40,
1783262469.301,1.239,straight_walk,-0.34,-13.18,35.53,0.76,1.02,1.94,1,0.25,-0.01,0.98,1.34,-0.43,-1.34,
1783262469.321,1.258,straight_walk,-0.31,-13.20,35.51,0.76,1.01,1.74,1,0.25,-0.00,0.98,1.52,0.24,-0.79,
1783262469.341,1.278,straight_walk,-0.28,-13.20,35.51,0.76,1.01,1.81,1,0.25,-0.01,0.98,1.59,0.85,-0.18,
1783262469.361,1.298,straight_walk,-0.25,-13.19,35.52,0.76,1.01,2.33,1,0.24,-0.01,0.98,1.89,1.22,0.61,
1783262469.381,1.318,straight_walk,-0.20,-13.18,35.55,0.75,1.01,3.14,0,0.23,-0.00,0.98,2.56,1.22,1.34,
1783262469.401,1.338,straight_walk,-0.15,-13.14,35.58,0.75,1.00,3.67,0,0.23,0.00,0.98,2.87,1.59,1.65,
1783262469.421,1.358,straight_walk,-0.09,-13.11,35.62,0.75,1.01,3.73,0,0.23,0.01,0.98,2.68,1.77,1.89,
1783262469.441,1.378,straight_walk,-0.04,-13.09,35.66,0.75,1.00,4.19,0,0.24,-0.00,0.97,3.17,1.65,2.20,
1783262469.461,1.398,straight_walk,0.00,-13.07,35.72,0.75,1.01,4.81,0,0.24,-0.01,0.98,3.41,2.07,2.68,
1783262469.481,1.418,straight_walk,0.07,-13.04,35.79,0.75,1.01,6.00,0,0.24,-0.00,0.98,4.21,2.32,3.60,
1783262469.501,1.438,straight_walk,0.14,-13.01,35.89,0.75,1.00,7.10,0,0.25,0.00,0.97,4.51,2.93,4.63,
1783262469.521,1.458,straight_walk,0.20,-12.98,35.99,0.75,1.00,7.52,0,0.26,-0.00,0.97,4.57,3.54,4.82,
1783262469.541,1.478,straight_walk,0.26,-12.93,36.09,0.74,1.00,8.14,0,0.25,-0.00,0.97,4.57,4.51,5.00,
1783262469.561,1.498,straight_walk,0.31,-12.82,36.18,0.75,1.02,8.65,0,0.24,-0.01,0.99,4.51,5.79,4.57,
1783262469.581,1.518,straight_walk,0.35,-12.70,36.26,0.75,1.02,7.94,0,0.22,-0.01,0.99,4.21,5.73,3.54,
1783262469.601,1.538,straight_walk,0.38,-12.55,36.29,0.75,1.02,6.69,0,0.19,-0.02,1.00,3.41,5.55,1.52,
1783262469.621,1.558,straight_walk,0.41,-12.39,36.29,0.75,1.03,6.09,0,0.17,-0.02,1.01,3.29,5.12,-0.24,
1783262469.641,1.578,straight_walk,0.46,-12.25,36.25,0.75,1.03,4.50,0,0.15,-0.01,1.02,2.99,2.74,-1.95,
1783262469.661,1.598,straight_walk,0.51,-12.16,36.17,0.76,1.03,4.72,0,0.15,-0.01,1.02,2.93,0.61,-3.66,
1783262469.681,1.618,straight_walk,0.56,-12.11,36.06,0.76,1.04,6.18,0,0.16,-0.01,1.02,2.38,-1.04,-5.61,
1783262469.701,1.638,straight_walk,0.60,-12.12,35.90,0.77,1.03,8.55,0,0.18,-0.01,1.02,2.01,-2.68,-7.87,
1783262469.721,1.658,straight_walk,0.67,-12.18,35.70,0.77,1.02,10.32,0,0.20,0.01,1.00,1.59,-3.84,-9.45,
1783262469.741,1.678,straight_walk,0.74,-12.28,35.49,0.77,1.01,11.11,0,0.23,0.02,0.98,1.04,-4.45,-10.12,
1783262469.761,1.698,straight_walk,0.81,-12.38,35.30,0.76,1.00,10.38,0,0.23,0.03,0.97,0.30,-4.15,-9.51,
1783262469.781,1.718,straight_walk,0.88,-12.48,35.14,0.76,1.01,8.76,0,0.23,0.04,0.98,0.00,-4.21,-7.68,
1783262469.801,1.738,straight_walk,0.94,-12.57,35.04,0.76,1.01,5.97,0,0.24,0.04,0.98,0.24,-3.60,-4.76,
1783262469.821,1.758,straight_walk,0.98,-12.67,35.00,0.76,1.01,3.70,0,0.25,0.03,0.97,0.43,-3.11,-1.95,
1783262469.841,1.778,straight_walk,1.02,-12.76,34.99,0.76,1.01,2.34,0,0.26,0.04,0.97,0.61,-2.20,-0.55,
1783262469.861,1.798,straight_walk,1.04,-12.82,34.99,0.76,1.00,1.09,0,0.26,0.03,0.97,0.55,-0.91,0.24,
1783262469.881,1.818,straight_walk,1.05,-12.87,35.00,0.75,1.00,0.67,0,0.27,0.02,0.97,0.55,0.12,0.37,
1783262469.901,1.838,straight_walk,1.04,-12.88,34.99,0.76,1.02,1.45,0,0.25,-0.01,0.98,0.85,1.10,-0.43,
1783262469.921,1.858,straight_walk,1.04,-12.86,34.97,0.76,1.02,2.58,0,0.24,-0.00,1.00,1.34,1.83,-1.22,
1783262469.941,1.878,straight_walk,1.06,-12.81,34.93,0.76,1.02,3.61,0,0.22,-0.01,1.00,2.20,2.26,-1.77,
1783262469.961,1.898,straight_walk,1.08,-12.76,34.87,0.76,1.01,4.72,0,0.22,-0.03,0.98,3.05,2.26,-2.80,
1783262469.981,1.918,straight_walk,1.10,-12.75,34.79,0.76,1.00,5.92,0,0.24,-0.04,0.97,3.66,1.71,-4.33,
1783262470.001,1.938,straight_walk,1.15,-12.72,34.66,0.76,1.00,7.67,0,0.24,-0.02,0.97,3.54,2.62,-6.28,
1783262470.021,1.958,straight_walk,1.22,-12.64,34.48,0.76,1.02,9.81,0,0.22,-0.01,1.00,3.41,3.41,-8.54,
1783262470.041,1.978,straight_walk,1.31,-12.55,34.27,0.76,1.01,11.57,0,0.21,0.01,0.99,3.05,3.48,-10.61,
1783262470.061,1.998,straight_walk,1.41,-12.48,34.02,0.76,1.02,12.91,0,0.22,0.03,0.99,2.13,3.23,-12.32,
1783262470.081,2.018,straight_walk,1.50,-12.36,33.75,0.76,1.03,13.70,0,0.20,0.03,1.01,0.91,4.27,-12.99,
1783262470.101,2.038,straight_walk,1.58,-12.23,33.48,0.77,1.04,14.05,0,0.19,0.05,1.02,0.00,3.96,-13.48,
1783262470.121,2.058,straight_walk,1.64,-12.13,33.19,0.77,1.03,14.41,0,0.18,0.05,1.01,-0.98,2.87,-14.09,
1783262470.141,2.078,straight_walk,1.69,-11.99,32.90,0.77,1.03,14.70,0,0.14,0.05,1.02,-1.83,2.01,-14.45,
1783262470.161,2.098,straight_walk,1.74,-11.91,32.61,0.77,1.02,14.23,0,0.13,0.06,1.01,-1.95,-0.55,-14.09,
1783262470.181,2.118,straight_walk,1.79,-11.87,32.36,0.77,1.01,12.71,0,0.13,0.06,1.00,-1.59,-2.99,-12.26,
1783262470.201,2.138,straight_walk,1.86,-11.91,32.18,0.77,1.01,10.18,0,0.15,0.08,1.00,-0.91,-5.37,-8.60,
1783262470.221,2.158,straight_walk,1.93,-12.02,32.08,0.77,1.01,7.86,0,0.20,0.08,0.99,-0.49,-6.28,-4.70,
1783262470.241,2.178,straight_walk,2.00,-12.14,32.04,0.77,1.02,6.25,0,0.22,0.09,0.99,-0.37,-6.04,-1.59,
1783262470.261,2.198,straight_walk,2.04,-12.29,32.06,0.77,1.02,6.25,0,0.24,0.10,0.99,-1.22,-6.04,1.04,
1783262470.281,2.218,straight_walk,2.05,-12.42,32.14,0.77,1.03,6.98,0,0.24,0.09,1.00,-1.83,-5.49,3.90,
1783262470.301,2.238,straight_walk,2.04,-12.56,32.28,0.77,1.01,8.65,0,0.25,0.08,0.98,-1.59,-4.82,7.01,
1783262470.321,2.258,straight_walk,1.99,-12.68,32.48,0.77,1.00,10.57,0,0.26,0.05,0.97,-1.16,-3.23,10.00,
1783262470.341,2.278,straight_walk,1.92,-12.75,32.73,0.77,1.01,12.35,0,0.25,0.02,0.98,-0.49,-1.89,12.20,
1783262470.361,2.298,straight_walk,1.84,-12.78,32.99,0.77,1.01,12.92,0,0.22,0.02,0.98,0.06,-1.22,12.87,
1783262470.381,2.318,straight_walk,1.78,-12.79,33.24,0.77,1.01,12.15,0,0.20,0.02,0.99,0.37,-1.34,12.07,
1783262470.401,2.338,straight_walk,1.73,-12.80,33.46,0.77,1.00,11.41,0,0.19,0.03,0.99,0.00,-2.38,11.16,
1783262470.421,2.358,straight_walk,1.68,-12.84,33.68,0.76,1.00,11.01,0,0.20,0.03,0.98,-0.24,-3.35,10.49,
1783262470.441,2.378,straight_walk,1.63,-12.90,33.89,0.76,1.00,11.17,0,0.20,0.03,0.98,-0.30,-4.15,10.37,
1783262470.461,2.398,straight_walk,1.61,-12.96,34.12,0.76,1.02,12.43,0,0.19,0.06,1.00,0.00,-4.94,11.40,
1783262470.481,2.418,straight_walk,1.63,-13.04,34.41,0.77,1.04,15.84,0,0.19,0.09,1.02,0.79,-6.16,14.57,
1783262470.501,2.438,straight_walk,1.63,-13.17,34.79,0.77,1.03,19.74,0,0.22,0.08,1.00,1.16,-7.01,18.41,
1783262470.521,2.458,straight_walk,1.59,-13.39,35.22,0.77,1.01,22.23,0,0.28,0.05,0.97,0.79,-7.13,21.04,
1783262470.541,2.478,straight_walk,1.48,-13.59,35.67,0.77,1.02,22.88,0,0.31,0.03,0.97,-0.12,-5.30,22.26,
1783262470.561,2.498,straight_walk,1.35,-13.71,36.13,0.78,1.03,22.90,0,0.29,0.01,0.99,-0.67,-2.56,22.74,
1783262470.581,2.518,straight_walk,1.19,-13.75,36.60,0.78,1.04,22.59,0,0.26,-0.01,1.00,-0.43,-1.04,22.56,
1783262470.601,2.538,straight_walk,1.02,-13.78,37.03,0.78,1.02,21.07,0,0.24,-0.04,0.99,-0.24,-1.22,21.04,
1783262470.621,2.558,straight_walk,0.85,-13.82,37.42,0.78,1.00,19.09,0,0.23,-0.05,0.97,-0.06,-2.20,18.96,
1783262470.641,2.578,straight_walk,0.69,-13.86,37.78,0.77,0.99,17.55,0,0.22,-0.06,0.96,0.12,-2.87,17.32,
1783262470.661,2.598,straight_walk,0.54,-13.90,38.11,0.77,1.00,16.59,0,0.21,-0.06,0.97,0.91,-3.35,16.22,
1783262470.681,2.618,straight_walk,0.41,-13.96,38.41,0.77,1.00,15.19,0,0.22,-0.06,0.97,1.52,-4.21,14.51,
1783262470.701,2.638,straight_walk,0.32,-14.04,38.65,0.77,1.01,13.03,0,0.24,-0.06,0.98,2.20,-4.70,11.95,
1783262470.721,2.658,straight_walk,0.27,-14.13,38.85,0.77,1.02,11.00,0,0.23,-0.04,0.99,2.44,-5.18,9.39,
1783262470.741,2.678,straight_walk,0.23,-14.22,39.00,0.78,1.03,10.10,0,0.22,-0.04,1.00,2.74,-6.04,7.62,
1783262470.761,2.698,straight_walk,0.20,-14.30,39.15,0.78,1.04,10.43,0,0.20,-0.05,1.02,3.11,-7.13,6.95,
1783262470.781,2.718,straight_walk,0.16,-14.41,39.27,0.79,1.04,12.27,0,0.19,-0.07,1.02,4.33,-9.70,6.16,
1783262470.801,2.738,straight_walk,0.14,-14.59,39.35,0.79,1.03,13.59,0,0.21,-0.09,1.00,5.30,-11.89,3.90,
1783262470.821,2.758,straight_walk,0.17,-14.82,39.35,0.80,1.01,14.26,0,0.23,-0.07,0.98,5.61,-13.11,-0.24,
1783262470.841,2.778,straight_walk,0.25,-15.12,39.24,0.79,0.99,15.12,0,0.28,-0.02,0.95,4.45,-13.41,-5.37,
1783262470.861,2.798,straight_walk,0.35,-15.42,39.03,0.79,0.99,15.20,0,0.33,0.01,0.94,1.89,-11.40,-9.88,
1783262470.881,2.818,straight_walk,0.43,-15.68,38.76,0.78,1.01,15.71,0,0.35,0.02,0.95,-0.12,-8.66,-13.11,
1783262470.901,2.838,straight_walk,0.49,-15.88,38.46,0.78,1.02,15.42,0,0.36,0.01,0.95,-1.77,-5.24,-14.39,
1783262470.921,2.858,straight_walk,0.52,-16.00,38.19,0.78,1.02,13.18,0,0.34,0.00,0.97,-1.71,-2.62,-12.80,
1783262470.941,2.878,straight_walk,0.57,-16.06,37.99,0.79,1.02,10.05,0,0.30,0.01,0.97,-0.61,-2.07,-9.82,
1783262470.961,2.898,straight_walk,0.66,-16.11,37.85,0.78,1.01,6.85,0,0.28,0.05,0.97,0.24,-2.26,-6.46,
1783262470.981,2.918,straight_walk,0.75,-16.15,37.77,0.78,0.99,4.25,0,0.28,0.07,0.95,0.00,-2.26,-3.60,
1783262471.001,2.938,straight_walk,0.81,-16.20,37.74,0.77,0.99,2.80,0,0.28,0.06,0.95,-0.73,-2.20,-1.59,
1783262471.021,2.958,straight_walk,0.83,-16.23,37.74,0.77,1.01,1.99,0,0.28,0.04,0.97,-0.79,-1.83,0.00,
1783262471.041,2.978,straight_walk,0.84,-16.24,37.77,0.77,1.02,2.42,0,0.27,0.04,0.99,-0.61,-1.83,1.46,
1783262471.061,2.998,straight_walk,0.84,-16.28,37.82,0.78,1.03,3.46,0,0.27,0.03,0.99,-0.30,-2.38,2.50,
1783262471.081,3.018,straight_walk,0.82,-16.32,37.90,0.77,1.02,4.58,0,0.28,0.02,0.98,-0.12,-2.50,3.84,
1783262471.101,3.038,straight_walk,0.79,-16.39,37.99,0.77,1.00,4.78,0,0.30,0.01,0.95,0.18,-2.26,4.21,
1783262471.121,3.058,straight_walk,0.75,-16.46,38.08,0.77,0.99,4.55,0,0.31,-0.01,0.94,0.43,-1.52,4.27,
1783262471.141,3.078,straight_walk,0.72,-16.50,38.15,0.76,0.99,3.52,0,0.31,-0.01,0.94,0.73,-0.79,3.35,
1783262471.161,3.098,straight_walk,0.70,-16.52,38.19,0.76,1.00,2.45,1,0.30,-0.01,0.96,1.10,-0.06,2.20,
1783262471.181,3.118,straight_walk,0.70,-16.51,38.21,0.76,1.00,1.90,1,0.29,-0.01,0.96,1.52,0.67,0.91,
1783262471.201,3.138,straight_walk,0.72,-16.47,38.21,0.76,1.01,2.06,1,0.27,-0.00,0.97,1.77,1.04,-0.18,
1783262471.221,3.158,straight_walk,0.76,-16.42,38.19,0.76,1.01,2.09,0,0.26,0.01,0.98,1.83,0.55,-0.85,
1783262471.241,3.178,straight_walk,0.81,-16.41,38.16,0.76,1.01,2.32,1,0.27,0.02,0.98,1.89,0.12,-1.34,
1783262471.261,3.198,straight_walk,0.85,-16.42,38.13,0.76,1.01,2.55,1,0.30,0.01,0.97,1.89,-0.12,-1.71,
1783262471.281,3.218,straight_walk,0.90,-16.45,38.09,0.76,1.02,2.48,0,0.32,0.02,0.96,1.65,0.55,-1.77,
1783262471.301,3.239,straight_walk,0.93,-16.46,38.06,0.76,1.02,2.42,0,0.33,0.02,0.97,1.10,1.52,-1.52,
1783262471.321,3.258,straight_walk,0.97,-16.44,38.04,0.76,1.02,2.77,0,0.31,0.02,0.97,1.22,2.38,-0.73,
1783262471.341,3.278,straight_walk,1.00,-16.40,38.06,0.76,1.02,2.82,1,0.29,0.03,0.97,1.22,2.50,0.49,
1783262471.361,3.298,straight_walk,1.03,-16.34,38.09,0.76,1.02,3.34,0,0.28,0.02,0.98,1.46,2.38,1.83,
1783262471.381,3.318,straight_walk,1.04,-16.29,38.15,0.77,1.02,3.84,0,0.27,0.01,0.99,2.01,1.95,2.62,
1783262471.401,3.338,straight_walk,1.06,-16.24,38.22,0.77,1.03,4.24,0,0.26,0.01,0.99,2.50,1.28,3.17,
1783262471.421,3.358,straight_walk,1.08,-16.21,38.28,0.77,1.03,3.90,0,0.27,0.01,0.99,2.50,0.06,2.99,
1783262471.441,3.378,straight_walk,1.10,-16.21,38.33,0.77,1.01,3.50,0,0.27,0.01,0.98,2.20,-0.49,2.68,
1783262471.461,3.398,straight_walk,1.11,-16.23,38.37,0.77,1.01,2.71,1,0.29,0.01,0.97,1.83,-0.79,1.83,
1783262471.481,3.418,straight_walk,1.11,-16.25,38.39,0.77,1.01,1.54,1,0.29,0.00,0.97,1.10,-0.67,0.85,
1783262471.501,3.438,straight_walk,1.11,-16.25,38.39,0.77,1.01,1.22,1,0.28,0.00,0.98,0.98,-0.73,-0.06,
1783262471.521,3.458,straight_walk,1.11,-16.27,38.37,0.77,1.02,1.53,1,0.28,0.00,0.98,0.85,-1.04,-0.73,
1783262471.541,3.478,straight_walk,1.11,-16.29,38.35,0.77,1.02,1.88,1,0.28,0.00,0.98,0.73,-1.28,-1.16,
1783262471.561,3.498,straight_walk,1.12,-16.31,38.32,0.77,1.02,1.82,1,0.29,0.01,0.97,0.43,-1.28,-1.22,
1783262471.581,3.518,straight_walk,1.12,-16.33,38.29,0.77,1.01,1.78,1,0.29,0.01,0.97,0.00,-0.91,-1.52,
1783262471.601,3.538,straight_walk,1.12,-16.35,38.25,0.77,1.01,1.89,1,0.28,0.01,0.97,-0.18,-0.91,-1.65,
1783262471.621,3.558,straight_walk,1.11,-16.36,38.22,0.76,1.01,2.09,1,0.28,0.01,0.97,-0.24,-0.98,-1.83,
1783262471.641,3.578,straight_walk,1.11,-16.37,38.18,0.76,1.00,1.99,1,0.28,0.01,0.96,-0.30,-0.73,-1.83,
1783262471.661,3.598,straight_walk,1.11,-16.38,38.14,0.76,1.01,2.09,1,0.28,0.01,0.97,-0.30,-0.49,-2.01,
1783262471.681,3.618,straight_walk,1.11,-16.39,38.09,0.76,1.00,2.06,1,0.29,0.01,0.96,-0.43,0.00,-2.01,
1783262471.701,3.638,straight_walk,1.10,-16.39,38.06,0.75,1.00,1.96,1,0.29,0.01,0.96,-0.49,0.49,-1.83,
1783262471.721,3.658,straight_walk,1.09,-16.37,38.02,0.75,1.00,2.11,1,0.29,0.01,0.96,-0.49,1.04,-1.77,
1783262471.741,3.678,straight_walk,1.09,-16.34,37.98,0.75,1.01,2.47,1,0.28,0.01,0.96,-0.49,1.59,-1.83,
1783262471.761,3.698,straight_walk,1.08,-16.30,37.94,0.75,1.01,2.70,1,0.28,0.01,0.97,-0.37,1.95,-1.83,
1783262471.781,3.718,straight_walk,1.08,-16.25,37.90,0.75,1.01,2.91,1,0.28,0.01,0.97,-0.37,2.07,-2.01,
1783262471.801,3.738,straight_walk,1.08,-16.20,37.86,0.74,1.01,3.21,0,0.28,0.02,0.98,-0.30,2.26,-2.26,
1783262471.821,3.758,straight_walk,1.09,-16.15,37.81,0.74,1.01,3.39,0,0.27,0.02,0.97,-0.37,2.26,-2.50,
1783262471.841,3.778,straight_walk,1.09,-16.09,37.76,0.74,1.00,3.35,0,0.27,0.02,0.97,-0.67,2.26,-2.38,
1783262471.861,3.798,straight_walk,1.09,-16.04,37.71,0.74,1.01,2.87,1,0.27,0.01,0.97,-0.49,1.71,-2.26,
1783262471.881,3.818,straight_walk,1.09,-16.00,37.66,0.73,1.01,3.15,0,0.28,0.01,0.97,-0.49,1.59,-2.68,
1783262471.901,3.838,straight_walk,1.08,-15.97,37.60,0.73,1.02,3.24,0,0.28,0.01,0.98,-0.55,1.40,-2.87,
1783262471.921,3.858,straight_walk,1.09,-15.94,37.53,0.73,1.02,3.68,0,0.28,0.02,0.98,-0.61,1.22,-3.41,
1783262471.941,3.878,straight_walk,1.10,-15.92,37.45,0.73,1.02,3.76,0,0.28,0.03,0.98,-0.98,1.04,-3.48,
1783262471.961,3.899,straight_walk,1.10,-15.89,37.39,0.73,1.01,3.45,0,0.27,0.02,0.98,-1.28,1.16,-2.99,
1783262471.981,3.918,straight_walk,1.08,-15.86,37.34,0.73,1.02,3.03,0,0.26,0.01,0.99,-0.98,0.85,-2.74,
1783262472.001,3.938,straight_walk,1.08,-15.83,37.29,0.73,1.02,2.45,0,0.26,0.01,0.99,-0.79,0.06,-2.32,
1783262472.021,3.958,straight_walk,1.08,-15.85,37.24,0.73,1.01,2.43,1,0.28,0.02,0.97,-0.61,-0.67,-2.26,
1783262472.041,3.978,straight_walk,1.08,-15.88,37.20,0.73,1.01,2.38,1,0.29,0.02,0.96,-0.79,-0.49,-2.20,
1783262472.061,3.998,straight_walk,1.07,-15.89,37.14,0.73,1.01,2.71,1,0.29,0.02,0.97,-1.04,0.12,-2.50,
1783262472.081,4.018,straight_walk,1.06,-15.89,37.09,0.73,1.01,2.95,1,0.28,0.01,0.97,-0.98,0.49,-2.74,
1783262472.101,4.038,straight_walk,1.05,-15.88,37.02,0.73,1.02,3.13,0,0.27,0.01,0.98,-0.91,-0.06,-2.99,
1783262472.121,4.058,straight_walk,1.05,-15.87,36.96,0.73,1.01,3.19,0,0.26,0.02,0.98,-0.85,-0.37,-3.05,
1783262472.141,4.078,straight_walk,1.05,-15.88,36.89,0.73,1.01,3.76,0,0.27,0.02,0.97,-1.04,-0.73,-3.54,
1783262472.161,4.098,straight_walk,1.05,-15.89,36.81,0.72,1.01,3.74,0,0.28,0.02,0.97,-1.04,-0.91,-3.48,
1783262472.181,4.118,straight_walk,1.05,-15.91,36.74,0.72,1.01,3.82,0,0.28,0.01,0.97,-0.91,-0.91,-3.60,
1783262472.201,4.138,straight_walk,1.05,-15.93,36.67,0.72,1.02,3.68,0,0.28,0.02,0.98,-0.73,-0.98,-3.48,
1783262472.221,4.158,straight_walk,1.06,-15.96,36.60,0.72,1.01,3.33,0,0.28,0.02,0.98,-0.67,-1.16,-3.05,
1783262472.241,4.178,straight_walk,1.07,-15.98,36.55,0.72,1.01,2.73,1,0.28,0.02,0.97,-0.37,-1.04,-2.50,
1783262472.261,4.198,straight_walk,1.08,-16.00,36.51,0.71,1.01,2.23,1,0.28,0.02,0.97,-0.30,-1.04,-1.95,
1783262472.281,4.218,straight_walk,1.09,-16.02,36.47,0.71,1.01,1.91,1,0.28,0.02,0.97,0.00,-0.98,-1.65,
1783262472.301,4.238,straight_walk,1.09,-16.04,36.44,0.71,1.01,1.80,1,0.28,0.01,0.97,0.06,-0.73,-1.65,
1783262472.321,4.258,straight_walk,1.10,-16.05,36.40,0.71,1.02,1.84,1,0.28,0.02,0.98,-0.06,-0.67,-1.71,
1783262472.341,4.278,straight_walk,1.10,-16.07,36.37,0.71,1.02,2.00,1,0.28,0.02,0.98,-0.12,-0.79,-1.83,
1783262472.361,4.298,straight_walk,1.11,-16.08,36.32,0.70,1.01,2.21,1,0.29,0.02,0.97,-0.30,-0.49,-2.13,
1783262472.381,4.319,straight_walk,1.11,-16.09,36.28,0.70,1.01,1.98,1,0.28,0.02,0.97,-0.24,-0.24,-1.95,
1783262472.401,4.338,straight_walk,1.12,-16.09,36.24,0.70,1.01,1.87,1,0.28,0.02,0.97,-0.18,-0.37,-1.83,
1783262472.421,4.358,straight_walk,1.13,-16.10,36.22,0.70,1.01,1.22,1,0.28,0.02,0.97,0.06,-0.37,-1.16,
1783262472.441,4.378,straight_walk,1.14,-16.11,36.21,0.69,1.01,0.78,1,0.28,0.02,0.97,0.00,-0.61,-0.49,
1783262472.461,4.398,straight_walk,1.15,-16.11,36.21,0.69,1.01,0.43,1,0.28,0.02,0.97,0.00,-0.43,0.00,
1783262472.481,4.418,straight_walk,1.14,-16.12,36.22,0.69,1.01,0.53,1,0.28,0.02,0.97,0.06,-0.30,0.43,
1783262472.501,4.438,straight_walk,1.14,-16.13,36.23,0.69,1.01,0.72,1,0.28,0.02,0.97,0.12,-0.37,0.61,
1783262472.521,4.458,straight_walk,1.14,-16.13,36.25,0.69,1.01,0.87,1,0.28,0.02,0.97,0.18,-0.30,0.79,
1783262472.541,4.478,straight_walk,1.14,-16.13,36.26,0.68,1.02,0.79,1,0.28,0.02,0.98,0.30,0.00,0.73,
1783262472.561,4.498,straight_walk,1.13,-16.12,36.27,0.69,1.02,0.48,1,0.27,0.02,0.98,0.12,-0.18,0.43,
1783262472.581,4.518,straight_walk,1.13,-16.12,36.27,0.69,1.02,0.82,1,0.27,0.01,0.98,0.43,-0.67,0.18,
1783262472.601,4.538,straight_walk,1.14,-16.14,36.28,0.69,1.01,0.98,1,0.28,0.02,0.97,0.49,-0.73,0.43,
1783262472.621,4.558,straight_walk,1.14,-16.16,36.30,0.68,1.00,0.99,1,0.29,0.02,0.96,0.37,-0.55,0.73,
1783262472.641,4.579,straight_walk,1.15,-16.17,36.31,0.68,1.01,0.95,1,0.29,0.02,0.96,0.43,0.30,0.79,
1783262472.661,4.598,straight_walk,1.15,-16.17,36.33,0.68,1.01,1.15,1,0.29,0.02,0.97,0.49,0.49,0.91,
1783262472.681,4.618,straight_walk,1.15,-16.15,36.35,0.00,1.01,1.15,1,0.28,0.01,0.97,0.37,0.67,0.85,
1783262472.701,4.638,straight_walk,1.15,-16.13,36.37,0.00,1.01,1.08,1,0.27,0.02,0.98,0.55,0.49,0.79,
1783262472.721,4.658,straight_walk,1.15,-16.12,36.38,0.00,1.01,1.04,1,0.28,0.02,0.97,0.61,0.43,0.73,
1783262472.741,4.678,straight_walk,1.16,-16.11,36.40,0.00,1.01,1.22,1,0.28,0.01,0.97,0.85,0.55,0.67,
1783262472.761,4.698,straight_walk,1.16,-16.10,36.41,0.00,1.02,1.08,1,0.28,0.01,0.98,0.73,0.43,0.67,
1783262472.781,4.718,straight_walk,1.17,-16.08,36.42,0.00,1.02,0.95,1,0.27,0.02,0.98,0.79,0.30,0.43,
1783262472.801,4.738,straight_walk,1.18,-16.07,36.43,0.00,1.02,1.09,1,0.27,0.02,0.98,0.98,0.00,0.49,
1783262472.821,4.758,straight_walk,1.20,-16.07,36.44,0.00,1.01,1.17,1,0.27,0.02,0.98,1.04,-0.24,0.49,
1783262472.841,4.778,straight_walk,1.21,-16.08,36.45,0.00,1.01,1.23,1,0.28,0.01,0.97,1.04,-0.37,0.55,
1783262472.861,4.798,straight_walk,1.22,-16.09,36.46,0.00,1.01,1.41,1,0.28,0.01,0.97,1.22,-0.37,0.61,
1783262472.881,4.818,straight_walk,1.23,-16.10,36.47,0.00,1.01,1.31,1,0.28,0.01,0.97,1.16,-0.37,0.49,
1783262472.901,4.838,straight_walk,1.24,-16.11,36.47,0.00,1.01,0.95,1,0.28,0.01,0.97,0.91,-0.24,0.00,
1783262472.921,4.858,straight_walk,1.26,-16.11,36.46,0.00,1.01,0.99,1,0.28,0.02,0.97,0.85,-0.24,-0.43,
1783262472.941,4.878,straight_walk,1.27,-16.11,36.45,0.00,1.01,0.88,1,0.28,0.02,0.98,0.49,-0.06,-0.73,
1783262472.961,4.898,straight_walk,1.27,-16.10,36.43,0.00,1.01,1.24,1,0.28,0.01,0.97,0.55,-0.18,-1.10,
1783262472.981,4.918,straight_walk,1.29,-16.11,36.40,0.00,1.01,1.57,1,0.28,0.02,0.97,0.67,-0.24,-1.40,
1783262473.001,4.938,straight_walk,1.30,-16.11,36.37,0.00,1.01,1.69,1,0.28,0.02,0.97,0.55,-0.49,-1.52,
1783262473.021,4.958,straight_walk,1.32,-16.12,36.33,0.00,1.01,1.81,1,0.28,0.02,0.97,0.37,-0.67,-1.65,
1783262473.041,4.978,straight_walk,1.32,-16.14,36.31,0.00,1.01,1.49,1,0.28,0.02,0.97,0.00,-0.85,-1.22,
1783262473.061,4.998,straight_walk,1.34,-16.15,36.28,0.00,1.01,1.35,1,0.28,0.02,0.97,0.30,-0.73,-1.10,
1783262473.081,5.018,straight_walk,1.35,-16.17,36.27,0.00,1.01,1.02,1,0.29,0.02,0.96,0.37,-0.61,-0.73,
1783262473.101,5.038,straight_walk,1.36,-16.19,36.25,0.00,1.01,0.70,1,0.30,0.03,0.97,0.18,-0.06,-0.67,
1783262473.121,5.058,straight_walk,1.36,-16.18,36.24,0.00,1.02,0.82,1,0.28,0.02,0.98,0.00,0.37,-0.73,
1783262473.141,5.078,straight_walk,1.36,-16.16,36.23,0.00,1.02,0.51,1,0.27,0.02,0.98,0.12,0.06,-0.49,
1783262473.161,5.098,straight_walk,1.37,-16.16,36.22,0.00,1.02,0.72,1,0.27,0.03,0.98,0.24,-0.61,-0.30,
1783262473.181,5.118,straight_walk,1.39,-16.17,36.22,0.00,1.01,1.08,1,0.28,0.03,0.97,0.30,-1.04,0.00,
1783262473.201,5.138,straight_walk,1.40,-16.20,36.23,0.00,1.01,0.99,1,0.29,0.03,0.96,0.24,-0.79,0.55,
1783262473.221,5.158,straight_walk,1.40,-16.22,36.25,0.00,1.01,1.14,1,0.29,0.02,0.97,0.18,-0.43,1.04,
1783262473.241,5.178,straight_walk,1.38,-16.23,36.28,0.00,1.01,1.27,1,0.28,0.02,0.97,0.18,-0.30,1.22,
1783262473.261,5.198,straight_walk,1.38,-16.23,36.31,0.00,1.01,1.51,1,0.28,0.02,0.97,0.43,-0.37,1.40,
1783262473.281,5.218,straight_walk,1.37,-16.24,36.33,0.00,1.01,1.34,1,0.28,0.02,0.97,0.43,-0.37,1.22,
1783262473.301,5.238,straight_walk,1.37,-16.25,36.35,0.00,1.01,1.02,1,0.29,0.02,0.96,0.24,-0.18,0.98,
1783262473.321,5.259,straight_walk,1.35,-16.26,36.36,0.00,1.01,0.64,1,0.29,0.01,0.97,0.18,0.06,0.61,
1783262473.341,5.278,straight_walk,1.34,-16.25,36.37,0.00,1.01,0.28,1,0.28,0.01,0.98,0.12,0.06,0.24,
1783262473.361,5.298,straight_walk,1.33,-16.25,36.37,0.00,1.01,0.22,1,0.28,0.01,0.97,0.12,-0.18,0.00,
1783262473.381,5.318,straight_walk,1.33,-16.25,36.36,0.00,1.01,0.60,1,0.28,0.02,0.97,0.24,-0.49,-0.24,
1783262473.401,5.338,straight_walk,1.33,-16.25,36.36,0.00,1.01,0.58,1,0.28,0.02,0.97,0.18,-0.49,-0.24,
1783262473.421,5.358,straight_walk,1.33,-16.26,36.35,0.00,1.01,0.48,1,0.29,0.02,0.97,0.06,-0.37,-0.30,
1783262473.441,5.378,straight_walk,1.31,-16.28,36.35,0.00,1.01,0.56,1,0.29,0.01,0.97,0.18,-0.43,-0.30,
1783262473.461,5.398,straight_walk,1.31,-16.29,36.34,0.00,1.01,0.54,1,0.29,0.01,0.97,0.12,-0.18,-0.49,
1783262473.481,5.418,straight_walk,1.31,-16.29,36.32,0.00,1.01,0.68,1,0.28,0.02,0.97,0.06,0.12,-0.67,
1783262473.501,5.438,straight_walk,1.31,-16.28,36.32,0.00,1.01,0.36,1,0.28,0.02,0.97,0.00,0.18,-0.30,
1783262473.521,5.458,straight_walk,1.30,-16.26,36.31,0.00,1.01,0.31,1,0.27,0.02,0.97,-0.06,-0.18,-0.24,
1783262473.541,5.478,straight_walk,1.30,-16.26,36.31,0.00,1.01,0.39,1,0.28,0.01,0.97,0.12,-0.37,0.00,
1783262473.561,5.498,straight_walk,1.29,-16.28,36.31,0.00,1.01,0.65,1,0.29,0.01,0.97,0.30,-0.55,-0.18,
1783262473.581,5.518,straight_walk,1.29,-16.29,36.29,0.00,1.01,0.72,1,0.28,0.02,0.97,0.18,-0.43,-0.55,
1783262473.601,5.538,straight_walk,1.30,-16.29,36.28,0.00,1.01,0.86,1,0.28,0.02,0.97,-0.06,-0.61,-0.61,
1783262473.621,5.558,straight_walk,1.30,-16.30,36.27,0.00,1.01,0.80,1,0.28,0.02,0.97,0.06,-0.67,-0.43,
1783262473.641,5.578,straight_walk,1.30,-16.31,36.27,0.00,1.01,0.70,1,0.28,0.02,0.97,0.18,-0.67,-0.06,
1783262473.661,5.598,straight_walk,1.30,-16.34,36.27,0.00,1.01,0.73,1,0.29,0.02,0.97,0.00,-0.73,0.00,
1783262473.681,5.618,straight_walk,1.29,-16.35,36.27,0.00,1.02,0.43,1,0.29,0.02,0.97,-0.12,-0.37,-0.18,
1783262473.701,5.638,straight_walk,1.27,-16.35,36.26,0.01,1.02,0.52,0,0.28,0.00,0.98,-0.06,-0.37,-0.37,
1783262473.721,5.658,straight_walk,1.26,-16.35,36.24,0.01,1.02,0.95,1,0.28,0.01,0.98,0.06,-0.61,-0.73,
1783262473.741,5.679,straight_walk,1.27,-16.38,36.22,0.01,1.01,1.48,1,0.29,0.02,0.97,-0.12,-1.16,-0.91,
1783262473.761,5.698,straight_walk,1.27,-16.40,36.20,0.01,1.00,1.47,1,0.29,0.02,0.96,-0.30,-0.85,-1.16,
1783262473.781,5.718,straight_walk,1.26,-16.43,36.18,0.01,1.00,0.97,1,0.30,0.02,0.96,-0.37,-0.43,-0.79,
1783262473.801,5.738,straight_walk,1.24,-16.45,36.17,0.01,1.01,0.74,1,0.30,0.01,0.96,-0.30,-0.06,-0.67,
1783262473.821,5.758,straight_walk,1.22,-16.45,36.15,0.01,1.01,1.09,1,0.29,0.01,0.97,-0.55,0.24,-0.91,
1783262473.841,5.778,straight_walk,1.21,-16.44,36.12,0.01,1.01,1.57,1,0.28,0.01,0.97,-0.67,0.18,-1.40,
1783262473.861,5.798,straight_walk,1.20,-16.43,36.08,0.01,1.01,1.97,1,0.28,0.01,0.97,-0.73,0.00,-1.83,
1783262473.881,5.818,straight_walk,1.18,-16.43,36.03,0.01,1.01,2.55,1,0.29,0.01,0.97,-0.91,0.12,-2.38,
1783262473.901,5.838,straight_walk,1.17,-16.43,35.98,0.01,1.02,2.62,1,0.29,0.01,0.97,-0.55,0.12,-2.56,
1783262473.921,5.858,straight_walk,1.17,-16.44,35.93,0.01,1.02,2.33,1,0.29,0.01,0.97,-0.24,0.06,-2.32,
1783262473.941,5.878,straight_walk,1.19,-16.44,35.88,0.01,1.01,2.26,1,0.29,0.02,0.97,-0.12,0.12,-2.26,
1783262473.961,5.898,straight_walk,1.19,-16.43,35.85,0.01,1.01,1.86,1,0.28,0.02,0.97,-0.30,0.18,-1.83,
1783262473.981,5.918,straight_walk,1.19,-16.43,35.81,0.01,1.01,1.61,1,0.28,0.02,0.97,-0.24,0.06,-1.59,
1783262474.001,5.938,straight_walk,1.18,-16.43,35.78,0.01,1.01,1.61,1,0.29,0.01,0.97,-0.24,-0.12,-1.59,
1783262474.021,5.958,straight_walk,1.18,-16.44,35.74,0.02,1.01,1.73,1,0.29,0.01,0.97,0.06,-0.24,-1.71,
1783262474.041,5.978,straight_walk,1.18,-16.45,35.70,0.02,1.01,2.20,1,0.30,0.01,0.97,0.00,0.00,-2.20,
1783262474.061,5.998,straight_walk,1.19,-16.45,35.65,0.02,1.01,2.56,1,0.29,0.02,0.97,0.00,0.12,-2.56,
1783262474.081,6.018,straight_walk,1.20,-16.44,35.58,0.02,1.02,2.94,1,0.28,0.02,0.98,-0.18,0.24,-2.93,
1783262474.101,6.038,straight_walk,1.21,-16.43,35.53,0.02,1.02,2.57,1,0.28,0.02,0.98,0.18,-0.18,-2.56,
1783262474.121,6.058,straight_walk,1.23,-16.43,35.48,0.02,1.02,2.45,1,0.28,0.02,0.97,0.49,-0.30,-2.38,
1783262474.141,6.078,straight_walk,1.25,-16.44,35.43,0.02,1.01,2.33,1,0.29,0.02,0.97,0.49,-0.30,-2.26,
1783262474.161,6.098,straight_walk,1.27,-16.44,35.39,0.00,1.01,2.19,1,0.28,0.02,0.97,0.37,-0.30,-2.13,
1783262474.181,6.118,straight_walk,1.27,-16.44,35.35,0.00,1.01,2.14,1,0.27,0.01,0.97,0.18,-0.49,-2.07,
1783262474.201,6.138,straight_walk,1.29,-16.44,35.30,0.00,1.02,2.22,1,0.27,0.02,0.98,0.30,-0.73,-2.07,
1783262474.221,6.158,straight_walk,1.30,-16.44,35.25,0.00,1.02,2.47,1,0.28,0.02,0.98,0.06,-0.67,-2.38,
1783262474.241,6.178,straight_walk,1.30,-16.44,35.20,0.00,1.02,2.63,1,0.28,0.01,0.98,-0.37,-0.49,-2.56,
1783262474.262,6.199,straight_walk,1.29,-16.43,35.13,0.00,1.02,3.17,0,0.28,0.01,0.98,-0.67,-0.55,-3.05,
1783262474.281,6.218,straight_walk,1.29,-16.43,35.06,0.01,1.02,3.62,0,0.28,0.01,0.98,-0.55,-0.85,-3.48,
1783262474.301,6.238,straight_walk,1.31,-16.45,34.98,0.01,1.01,3.99,0,0.28,0.03,0.97,-0.49,-0.98,-3.84,
1783262474.321,6.258,straight_walk,1.32,-16.47,34.91,0.01,1.01,3.59,0,0.29,0.03,0.96,-0.55,-0.73,-3.48,
1783262474.341,6.278,straight_walk,1.34,-16.49,34.85,0.01,1.00,3.02,0,0.29,0.03,0.96,-0.30,-0.30,-2.99,
1783262474.361,6.298,straight_walk,1.34,-16.50,34.79,0.01,1.01,2.59,1,0.29,0.02,0.96,-0.30,-0.18,-2.56,
1783262474.381,6.318,straight_walk,1.35,-16.49,34.74,0.01,1.01,2.50,1,0.28,0.02,0.97,-0.12,0.06,-2.50,
1783262474.401,6.338,straight_walk,1.37,-16.47,34.69,0.01,1.02,2.51,1,0.28,0.03,0.98,-0.24,0.12,-2.50,
1783262474.421,6.358,straight_walk,1.38,-16.46,34.63,0.02,1.02,2.71,1,0.28,0.03,0.98,-0.30,-0.24,-2.68,
1783262474.441,6.378,straight_walk,1.38,-16.46,34.58,0.02,1.01,2.69,1,0.28,0.02,0.97,-0.73,-0.37,-2.56,
1783262474.461,6.398,straight_walk,1.38,-16.46,34.53,0.02,1.01,2.41,1,0.28,0.02,0.97,-0.37,-0.55,-2.32,
1783262474.481,6.418,straight_walk,1.38,-16.48,34.48,0.02,1.01,2.56,1,0.29,0.02,0.97,-0.43,-0.37,-2.50,
1783262474.501,6.438,straight_walk,1.39,-16.49,34.42,0.02,1.02,2.93,1,0.29,0.03,0.97,-0.55,-0.30,-2.87,
1783262474.521,6.458,straight_walk,1.40,-16.49,34.36,0.02,1.01,2.89,1,0.29,0.03,0.97,-0.67,-0.12,-2.80,
1783262474.541,6.478,straight_walk,1.40,-16.48,34.30,0.02,1.01,2.71,1,0.28,0.03,0.97,-0.67,-0.18,-2.62,
1783262474.561,6.498,straight_walk,1.40,-16.48,34.26,0.02,1.01,2.10,1,0.28,0.02,0.97,-0.55,-0.24,-2.01,
1783262474.581,6.518,straight_walk,1.40,-16.48,34.23,0.02,1.01,1.76,1,0.28,0.02,0.97,-0.37,-0.49,-1.65,
1783262474.601,6.538,straight_walk,1.40,-16.50,34.20,0.02,1.01,1.67,1,0.29,0.02,0.97,-0.30,-0.61,-1.52,
1783262474.621,6.558,straight_walk,1.40,-16.51,34.16,0.02,1.01,1.98,1,0.29,0.02,0.97,-0.43,-0.43,-1.89,
1783262474.641,6.578,straight_walk,1.41,-16.52,34.11,0.02,1.01,2.13,1,0.29,0.03,0.97,-0.37,-0.30,-2.07,
1783262474.661,6.598,straight_walk,1.41,-16.53,34.07,0.02,1.01,2.09,1,0.29,0.02,0.96,-0.49,-0.30,-2.01,
1783262474.681,6.618,straight_walk,1.41,-16.54,34.04,0.02,1.01,1.72,1,0.30,0.02,0.96,-0.18,-0.06,-1.71,
1783262474.701,6.638,straight_walk,1.42,-16.55,34.01,0.02,1.01,1.23,1,0.30,0.02,0.96,-0.18,0.37,-1.16,
1783262474.721,6.658,straight_walk,1.42,-16.54,33.99,0.02,1.01,1.28,1,0.29,0.03,0.96,-0.24,0.79,-0.98,
1783262474.741,6.678,straight_walk,1.42,-16.52,33.98,0.02,1.01,1.17,1,0.28,0.02,0.97,-0.30,0.91,-0.67,
1783262474.761,6.698,straight_walk,1.42,-16.51,33.97,0.02,1.01,0.58,1,0.28,0.02,0.97,-0.12,0.37,-0.43,
1783262474.781,6.718,straight_walk,1.41,-16.50,33.96,0.02,1.01,0.56,1,0.29,0.02,0.97,-0.12,0.24,-0.49,
1783262474.801,6.738,straight_walk,1.40,-16.49,33.95,0.00,1.02,0.68,1,0.29,0.01,0.98,-0.06,0.12,-0.67,
1783262474.821,6.758,straight_walk,1.40,-16.49,33.93,0.00,1.02,0.86,1,0.28,0.02,0.98,0.06,-0.12,-0.85,
1783262474.841,6.778,straight_walk,1.40,-16.49,33.91,0.00,1.02,1.12,1,0.29,0.03,0.98,-0.06,-0.43,-1.04,
1783262474.861,6.798,straight_walk,1.41,-16.50,33.89,0.00,1.01,0.77,1,0.30,0.03,0.96,-0.24,0.00,-0.73,
1783262474.881,6.818,straight_walk,1.42,-16.50,33.89,0.00,1.00,0.46,1,0.29,0.03,0.96,-0.12,0.43,-0.12,
1783262474.901,6.838,straight_walk,1.42,-16.49,33.89,0.00,1.01,0.51,1,0.28,0.03,0.96,-0.12,0.43,0.24,
1783262474.921,6.858,straight_walk,1.41,-16.48,33.90,0.00,1.01,0.52,1,0.28,0.01,0.97,0.18,0.06,0.49,
1783262474.941,6.878,straight_walk,1.40,-16.48,33.91,0.00,1.01,0.79,1,0.28,0.02,0.97,0.37,-0.55,0.43,
1783262474.961,6.898,straight_walk,1.41,-16.49,33.91,0.00,1.01,0.63,1,0.28,0.02,0.97,0.12,-0.61,-0.12,
1783262474.981,6.918,straight_walk,1.41,-16.51,33.90,0.00,1.02,0.94,1,0.29,0.02,0.97,-0.12,-0.79,-0.49,
1783262475.001,6.938,straight_walk,1.40,-16.50,33.89,0.00,1.02,0.83,1,0.28,0.02,0.98,-0.37,-0.43,-0.61,
1783262475.021,6.958,straight_walk,1.40,-16.50,33.88,0.00,1.02,1.04,1,0.28,0.02,0.98,-0.12,-0.91,-0.49,
1783262475.041,6.978,straight_walk,1.40,-16.53,33.88,0.00,1.02,1.47,1,0.29,0.02,0.98,0.12,-1.46,0.06,
1783262475.061,6.998,straight_walk,1.40,-16.56,33.88,0.00,1.01,1.64,1,0.29,0.02,0.97,0.00,-1.59,0.43,
1783262475.081,7.018,straight_walk,1.39,-16.59,33.89,0.00,1.01,1.45,1,0.29,0.02,0.97,0.00,-1.34,0.55,
1783262475.101,7.038,straight_walk,1.38,-16.61,33.91,0.00,1.01,1.58,1,0.28,0.02,0.97,-0.18,-1.28,0.91,
1783262475.121,7.058,straight_walk,1.36,-16.63,33.93,0.00,1.01,1.83,1,0.28,0.01,0.97,0.00,-1.59,0.91,
1783262475.141,7.078,straight_walk,1.35,-16.65,33.95,0.00,1.02,1.99,1,0.28,0.01,0.98,0.06,-1.83,0.79,
1783262475.161,7.098,straight_walk,1.34,-16.68,33.95,0.00,1.01,2.11,1,0.28,0.02,0.98,-0.18,-2.07,0.37,
1783262475.181,7.118,straight_walk,1.33,-16.71,33.96,0.00,1.01,2.56,1,0.28,0.02,0.97,-0.49,-2.50,0.24,
1783262475.201,7.138,straight_walk,1.31,-16.76,33.96,0.00,1.01,2.82,1,0.29,0.02,0.97,-1.04,-2.62,0.00,
1783262475.221,7.158,straight_walk,1.28,-16.82,33.96,0.00,1.01,3.18,0,0.29,0.02,0.97,-1.04,-2.99,0.37,
1783262475.241,7.178,straight_walk,1.26,-16.89,33.97,0.00,1.02,2.99,1,0.31,0.02,0.97,-0.98,-2.80,0.30,
1783262475.261,7.198,straight_walk,1.24,-16.96,33.98,0.01,1.02,2.78,1,0.31,0.02,0.97,-0.79,-2.56,0.73,
1783262475.281,7.218,straight_walk,1.21,-17.01,34.00,0.01,1.01,2.63,1,0.31,0.02,0.97,-0.67,-2.38,0.91,
1783262475.301,7.238,straight_walk,1.20,-17.07,34.03,0.01,1.01,2.97,1,0.31,0.02,0.96,-0.49,-2.38,1.71,
1783262475.321,7.258,straight_walk,1.18,-17.13,34.08,0.01,1.01,3.44,0,0.30,0.03,0.97,-0.73,-2.32,2.44,
1783262475.341,7.278,straight_walk,1.14,-17.17,34.15,0.01,1.01,3.91,0,0.30,0.02,0.96,-0.98,-2.07,3.17,
1783262475.361,7.298,straight_walk,1.08,-17.22,34.22,0.01,1.01,4.01,0,0.30,0.00,0.96,-1.04,-2.13,3.23,
1783262475.381,7.318,straight_walk,1.03,-17.28,34.27,0.01,1.01,3.64,0,0.31,0.00,0.97,-0.79,-2.26,2.74,
1783262475.401,7.338,straight_walk,0.98,-17.34,34.31,0.02,1.01,3.20,0,0.32,0.00,0.96,-0.73,-2.38,2.01,
1783262475.421,7.358,straight_walk,0.96,-17.40,34.34,0.02,1.01,2.27,1,0.32,0.01,0.95,-0.67,-1.83,1.16,
1783262475.441,7.378,straight_walk,0.94,-17.45,34.35,0.02,1.00,1.77,1,0.32,0.02,0.95,-0.73,-1.46,0.67,
1783262475.461,7.398,straight_walk,0.92,-17.48,34.37,0.02,1.00,1.46,1,0.31,0.02,0.95,-0.67,-0.98,0.85,
1783262475.481,7.418,straight_walk,0.90,-17.51,34.40,0.02,1.01,1.96,1,0.30,0.01,0.96,-0.49,-1.34,1.34,
1783262475.501,7.438,straight_walk,0.88,-17.54,34.44,0.02,1.01,2.67,1,0.31,0.02,0.97,-0.43,-1.71,2.01,
1783262475.521,7.458,straight_walk,0.86,-17.60,34.48,0.02,1.01,3.02,0,0.32,0.02,0.96,-0.49,-1.95,2.26,
1783262475.541,7.478,straight_walk,0.83,-17.66,34.54,0.02,1.01,3.06,0,0.33,0.01,0.95,-0.55,-1.59,2.56,
1783262475.561,7.498,straight_walk,0.79,-17.69,34.60,0.03,1.00,2.97,1,0.32,0.00,0.95,-0.49,-0.85,2.80,
1783262475.581,7.518,straight_walk,0.75,-17.72,34.65,0.03,1.01,2.70,1,0.32,-0.00,0.96,-0.30,-0.55,2.62,
1783262475.601,7.538,straight_walk,0.72,-17.72,34.70,0.03,1.01,2.32,1,0.31,0.00,0.96,-0.06,-0.12,2.32,
1783262475.621,7.558,straight_walk,0.70,-17.73,34.73,0.03,1.01,1.53,1,0.31,0.00,0.96,-0.06,-0.06,1.52,
1783262475.641,7.578,straight_walk,0.69,-17.73,34.75,0.03,1.00,0.80,1,0.31,0.00,0.96,0.00,-0.12,0.79,
1783262475.661,7.598,straight_walk,0.67,-17.73,34.75,0.03,1.00,0.21,1,0.31,0.00,0.95,-0.12,0.12,0.12,
1783262475.681,7.618,straight_walk,0.66,-17.73,34.74,0.03,1.00,0.59,1,0.31,0.00,0.95,-0.12,0.49,-0.30,
1783262475.701,7.638,straight_walk,0.65,-17.71,34.74,0.03,1.00,0.62,1,0.30,0.01,0.96,-0.12,0.61,-0.06,
1783262475.721,7.658,straight_walk,0.65,-17.70,34.75,0.03,1.02,0.41,1,0.30,0.01,0.97,-0.12,0.24,0.30,
1783262475.741,7.678,straight_walk,0.64,-17.69,34.76,0.03,1.02,0.58,1,0.30,0.01,0.97,-0.18,-0.06,0.55,
1783262475.761,7.698,straight_walk,0.62,-17.69,34.77,0.03,1.02,0.62,1,0.31,0.00,0.97,-0.06,0.06,0.61,
1783262475.781,7.718,straight_walk,0.61,-17.69,34.78,0.03,1.01,0.61,1,0.31,0.00,0.96,-0.06,0.37,0.49,
1783262475.801,7.738,straight_walk,0.60,-17.67,34.79,0.03,1.01,0.90,1,0.30,0.00,0.96,0.00,0.79,0.43,
1783262475.821,7.758,straight_walk,0.59,-17.65,34.80,0.03,1.01,0.84,1,0.30,0.00,0.96,0.24,0.79,0.12,
1783262475.841,7.778,straight_walk,0.58,-17.62,34.79,0.03,1.01,0.87,1,0.30,-0.00,0.96,0.12,0.85,-0.12,
1783262475.861,7.798,straight_walk,0.57,-17.59,34.79,0.03,1.00,1.01,1,0.29,-0.00,0.96,0.30,0.91,-0.30,
1783262475.881,7.818,straight_walk,0.57,-17.57,34.77,0.03,1.01,1.04,1,0.30,0.00,0.96,0.12,0.73,-0.73,
1783262475.901,7.838,straight_walk,0.56,-17.55,34.75,0.03,1.01,1.43,1,0.30,-0.00,0.96,-0.12,0.91,-1.10,
1783262475.921,7.858,straight_walk,0.54,-17.52,34.72,0.03,1.02,1.99,1,0.30,-0.01,0.97,-0.18,1.34,-1.46,
1783262475.941,7.878,straight_walk,0.55,-17.49,34.67,0.04,1.02,2.58,1,0.30,-0.00,0.97,0.18,1.34,-2.20,
1783262475.961,7.898,straight_walk,0.56,-17.46,34.62,0.04,1.01,2.62,1,0.30,0.01,0.97,0.12,1.10,-2.38,
1783262475.981,7.918,straight_walk,0.57,-17.42,34.57,0.04,1.01,2.73,1,0.29,0.01,0.96,0.06,1.34,-2.38,
1783262476.001,7.938,straight_walk,0.59,-17.39,34.54,0.00,1.01,2.28,1,0.29,0.01,0.97,0.24,1.34,-1.83,
1783262476.021,7.958,straight_walk,0.59,-17.35,34.50,0.00,1.01,2.01,1,0.30,0.00,0.97,0.30,1.28,-1.52,
1783262476.041,7.978,straight_walk,0.59,-17.32,34.48,0.00,1.02,1.73,1,0.30,-0.00,0.97,0.37,1.28,-1.10,
1783262476.061,7.998,straight_walk,0.60,-17.29,34.46,0.00,1.01,1.66,1,0.30,0.00,0.97,0.67,1.16,-0.98,
1783262476.081,8.018,straight_walk,0.61,-17.27,34.44,0.00,1.01,1.73,1,0.30,0.00,0.97,0.67,1.10,-1.16,
1783262476.101,8.038,straight_walk,0.63,-17.25,34.41,0.00,1.01,2.10,1,0.30,0.00,0.96,0.67,1.34,-1.46,
1783262476.121,8.058,straight_walk,0.64,-17.21,34.37,0.00,1.01,2.37,1,0.30,0.00,0.97,0.61,1.52,-1.71,
1783262476.141,8.078,straight_walk,0.66,-17.18,34.33,0.00,1.01,2.84,1,0.30,0.00,0.96,0.67,1.59,-2.26,
1783262476.161,8.098,straight_walk,0.68,-17.15,34.28,0.00,1.01,2.83,1,0.30,0.01,0.96,0.61,1.40,-2.38,
1783262476.181,8.118,straight_walk,0.70,-17.12,34.23,0.00,1.01,2.98,1,0.30,0.01,0.96,0.55,1.71,-2.38,
1783262476.201,8.138,straight_walk,0.71,-17.09,34.19,0.00,1.01,2.70,1,0.30,0.01,0.96,0.37,1.77,-2.01,
1783262476.221,8.158,straight_walk,0.72,-17.05,34.15,0.00,1.01,2.83,1,0.30,0.00,0.96,0.37,2.07,-1.89,
1783262476.241,8.178,straight_walk,0.72,-17.02,34.11,0.00,1.01,2.79,1,0.30,-0.00,0.97,0.37,2.07,-1.83,
1783262476.261,8.198,straight_walk,0.73,-16.97,34.06,0.00,1.01,3.08,0,0.30,-0.00,0.97,0.37,2.20,-2.13,
1783262476.281,8.218,straight_walk,0.73,-16.93,34.00,0.01,1.02,3.62,0,0.29,0.00,0.97,0.06,2.13,-2.93,
1783262476.301,8.238,straight_walk,0.74,-16.88,33.93,0.01,1.01,4.21,0,0.29,0.00,0.97,-0.24,2.07,-3.66,
1783262476.321,8.258,straight_walk,0.75,-16.83,33.84,0.01,1.01,4.48,0,0.28,0.00,0.97,-0.18,1.95,-4.02,
1783262476.341,8.278,straight_walk,0.75,-16.79,33.75,0.01,1.01,4.77,0,0.29,0.00,0.97,-0.43,1.65,-4.45,
1783262476.361,8.298,straight_walk,0.75,-16.75,33.65,0.01,1.01,5.20,0,0.29,-0.00,0.97,-0.49,1.34,-5.00,
1783262476.381,8.318,straight_walk,0.76,-16.73,33.53,0.02,1.02,5.62,0,0.29,-0.00,0.98,-0.67,1.04,-5.49,
1783262476.401,8.338,straight_walk,0.76,-16.71,33.41,0.02,1.02,5.95,0,0.29,0.00,0.98,-0.73,0.79,-5.85,
1783262476.421,8.358,straight_walk,0.77,-16.70,33.29,0.03,1.01,6.06,0,0.30,0.00,0.97,-0.61,0.79,-5.98,
1783262476.441,8.378,straight_walk,0.78,-16.69,33.16,0.03,1.01,6.11,0,0.30,-0.00,0.96,-0.61,0.73,-6.04,
1783262476.461,8.399,straight_walk,0.78,-16.67,33.03,0.03,1.01,6.35,0,0.29,-0.01,0.97,-0.30,0.91,-6.28,
1783262476.481,8.418,straight_walk,0.78,-16.64,32.89,0.04,1.02,6.87,0,0.28,-0.03,0.98,0.37,0.61,-6.83,
1783262476.501,8.438,straight_walk,0.80,-16.62,32.73,0.05,1.03,7.75,0,0.28,-0.03,0.99,1.04,0.06,-7.68,
1783262476.521,8.458,straight_walk,0.84,-16.62,32.54,0.06,1.02,9.15,0,0.28,-0.02,0.98,1.40,-0.61,-9.02,
1783262476.541,8.478,straight_walk,0.89,-16.64,32.32,0.06,1.01,10.66,0,0.29,-0.02,0.97,1.10,-1.04,-10.55,
1783262476.561,8.498,straight_walk,0.94,-16.66,32.06,0.07,1.01,12.61,0,0.30,-0.02,0.96,0.79,-0.79,-12.56,
1783262476.581,8.518,straight_walk,1.00,-16.66,31.76,0.08,1.01,14.40,0,0.29,-0.01,0.96,0.37,-0.06,-14.39,
1783262476.601,8.538,straight_walk,1.07,-16.64,31.42,0.08,1.01,15.98,0,0.28,-0.00,0.97,0.06,0.12,-15.98,
1783262476.621,8.558,straight_walk,1.16,-16.62,31.06,0.08,1.02,17.27,0,0.27,0.02,0.98,-0.49,-0.37,-17.26,
1783262476.641,8.578,straight_walk,1.25,-16.62,30.68,0.08,1.02,18.45,0,0.27,0.03,0.98,-1.22,-1.46,-18.35,
1783262476.661,8.598,straight_walk,1.34,-16.64,30.28,0.08,1.02,19.40,0,0.28,0.04,0.98,-2.38,-2.56,-19.09,
1783262476.681,8.618,straight_walk,1.42,-16.69,29.88,0.08,1.02,19.76,0,0.29,0.04,0.98,-3.11,-3.11,-19.27,
1783262476.701,8.638,straight_walk,1.49,-16.75,29.48,0.08,1.02,19.59,0,0.30,0.05,0.97,-3.54,-3.05,-19.02,
1783262476.721,8.659,straight_walk,1.56,-16.80,29.08,0.08,1.02,19.32,0,0.30,0.06,0.97,-4.33,-2.56,-18.66,
1783262476.741,8.678,straight_walk,1.62,-16.85,28.71,0.08,1.01,18.57,0,0.30,0.07,0.96,-4.94,-2.38,-17.74,
1783262476.761,8.698,straight_walk,1.67,-16.88,28.37,0.07,1.01,17.52,0,0.30,0.07,0.96,-5.49,-1.95,-16.52,
1783262476.781,8.718,straight_walk,1.69,-16.92,28.07,0.07,1.01,15.56,0,0.30,0.07,0.96,-5.91,-1.89,-14.27,
1783262476.801,8.739,straight_walk,1.68,-16.95,27.80,0.07,1.00,14.01,0,0.29,0.06,0.96,-6.22,-1.71,-12.44,
1783262476.821,8.759,straight_walk,1.65,-16.98,27.58,0.07,1.01,12.20,0,0.30,0.05,0.96,-6.04,-1.52,-10.49,
1783262476.841,8.778,straight_walk,1.61,-17.01,27.38,0.07,1.01,11.28,0,0.30,0.04,0.96,-5.73,-1.22,-9.63,
1783262476.861,8.798,straight_walk,1.58,-17.02,27.19,0.07,1.01,10.64,0,0.30,0.04,0.97,-5.49,-0.79,-9.09,
1783262476.881,8.818,straight_walk,1.54,-17.02,27.01,0.07,1.01,10.04,0,0.29,0.03,0.97,-4.94,-0.61,-8.72,
1783262476.901,8.838,straight_walk,1.49,-17.02,26.84,0.07,1.01,9.18,0,0.29,0.02,0.97,-4.51,-0.37,-7.99,
1783262476.921,8.858,straight_walk,1.45,-17.01,26.69,0.07,1.01,8.10,0,0.29,0.02,0.97,-3.72,-0.18,-7.20,
1783262476.941,8.879,straight_walk,1.42,-16.99,26.55,0.07,1.01,7.56,0,0.29,0.02,0.97,-3.48,0.12,-6.71,
1783262476.961,8.898,straight_walk,1.40,-16.98,26.41,0.07,1.01,7.44,0,0.29,0.02,0.97,-3.35,0.00,-6.65,
1783262476.981,8.918,straight_walk,1.37,-16.97,26.26,0.07,1.01,8.21,0,0.29,0.02,0.97,-3.48,0.24,-7.44,
1783262477.001,8.938,straight_walk,1.35,-16.95,26.09,0.07,1.01,8.84,0,0.29,0.02,0.96,-3.48,0.61,-8.11,
1783262477.021,8.958,straight_walk,1.33,-16.92,25.91,0.07,1.01,9.11,0,0.28,0.02,0.97,-3.23,0.79,-8.48,
1783262477.041,8.978,straight_walk,1.32,-16.88,25.73,0.07,1.01,9.12,0,0.28,0.02,0.97,-2.74,0.79,-8.66,
1783262477.062,8.999,straight_walk,1.33,-16.85,25.56,0.07,1.01,8.51,0,0.28,0.03,0.97,-2.50,0.61,-8.11,
1783262477.081,9.018,straight_walk,1.34,-16.82,25.41,0.07,1.01,7.62,0,0.28,0.03,0.97,-2.32,0.30,-7.26,
1783262477.101,9.038,straight_walk,1.35,-16.81,25.28,0.07,1.02,6.73,0,0.28,0.03,0.98,-1.89,0.00,-6.46,
1783262477.121,9.058,straight_walk,1.37,-16.80,25.16,0.07,1.02,5.62,0,0.29,0.04,0.97,-1.83,-0.24,-5.30,
1783262477.141,9.078,straight_walk,1.38,-16.81,25.09,0.08,1.01,3.90,0,0.30,0.05,0.97,-1.77,-0.18,-3.48,
1783262477.161,9.099,straight_walk,1.39,-16.82,25.05,0.08,1.01,2.54,0,0.30,0.05,0.96,-1.71,0.43,-1.83,
1783262477.181,9.118,straight_walk,1.38,-16.81,25.05,0.08,1.00,1.93,1,0.30,0.04,0.96,-1.65,0.98,-0.24,
1783262477.201,9.138,straight_walk,1.34,-16.79,25.06,0.08,1.01,2.16,1,0.29,0.02,0.96,-1.77,1.04,0.67,
1783262477.221,9.158,straight_walk,1.30,-16.77,25.09,0.08,1.01,2.18,1,0.29,0.02,0.97,-1.52,1.16,1.04,
1783262477.241,9.178,straight_walk,1.26,-16.75,25.11,0.08,1.01,1.83,1,0.29,0.02,0.97,-1.16,0.73,1.22,
1783262477.261,9.198,straight_walk,1.23,-16.74,25.13,0.08,1.02,1.64,1,0.30,0.02,0.97,-1.22,0.61,0.91,
1783262477.281,9.219,straight_walk,1.20,-16.74,25.15,0.08,1.01,1.64,1,0.30,0.01,0.97,-1.16,0.79,0.85,
1783262477.301,9.238,straight_walk,1.16,-16.73,25.17,0.08,1.01,2.08,1,0.31,0.02,0.96,-1.22,1.28,1.10,
1783262477.321,9.258,straight_walk,1.13,-16.71,25.20,0.08,1.01,2.39,1,0.30,0.02,0.97,-1.40,1.40,1.34,
1783262477.341,9.278,straight_walk,1.10,-16.68,25.24,0.08,1.01,2.77,1,0.29,0.02,0.97,-1.28,1.40,2.01,
1783262477.361,9.298,straight_walk,1.06,-16.64,25.31,0.08,1.01,3.45,0,0.28,0.02,0.97,-0.85,1.22,3.11,
1783262477.381,9.318,straight_walk,1.03,-16.62,25.39,0.08,1.02,4.01,0,0.28,0.01,0.98,-0.30,0.55,3.96,
1783262477.401,9.338,straight_walk,0.99,-16.62,25.47,0.09,1.02,3.55,0,0.29,0.01,0.98,-0.12,0.24,3.54,
1783262477.421,9.358,straight_walk,0.96,-16.61,25.53,0.09,1.02,3.29,0,0.29,0.01,0.98,0.00,0.12,3.29,
1783262477.441,9.378,straight_walk,0.93,-16.62,25.60,0.09,1.01,2.93,1,0.29,0.01,0.97,0.06,-0.12,2.93,
1783262477.461,9.398,straight_walk,0.91,-16.63,25.65,0.09,1.01,2.74,1,0.29,0.01,0.97,0.00,-0.55,2.68,
1783262477.481,9.418,straight_walk,0.88,-16.63,25.71,0.09,1.01,2.67,1,0.29,0.01,0.97,-0.06,-0.49,2.62,
1783262477.501,9.438,straight_walk,0.85,-16.64,25.76,0.09,1.01,2.63,1,0.29,0.00,0.97,0.00,-0.61,2.56,
1783262477.521,9.458,straight_walk,0.82,-16.66,25.81,0.09,1.01,2.51,1,0.29,0.00,0.97,-0.06,-0.79,2.38,
1783262477.541,9.478,straight_walk,0.80,-16.67,25.84,0.09,1.01,1.84,1,0.29,0.00,0.97,-0.18,-0.67,1.71,
1783262477.561,9.498,straight_walk,0.77,-16.69,25.86,0.09,1.01,1.29,1,0.29,0.00,0.97,-0.30,-0.79,0.98,
1783262477.581,9.518,straight_walk,0.74,-16.70,25.87,0.09,1.01,0.90,1,0.29,-0.00,0.97,-0.37,-0.73,0.37,
1783262477.601,9.538,straight_walk,0.72,-16.72,25.87,0.09,1.01,0.91,1,0.29,-0.00,0.97,-0.30,-0.85,-0.06,
1783262477.621,9.558,straight_walk,0.71,-16.74,25.86,0.10,1.02,1.28,1,0.29,0.00,0.97,-0.24,-1.10,-0.61,
1783262477.641,9.578,straight_walk,0.70,-16.76,25.83,0.10,1.02,1.76,1,0.29,0.01,0.98,-0.37,-1.22,-1.22,
1783262477.661,9.598,straight_walk,0.70,-16.78,25.81,0.10,1.02,2.00,1,0.29,0.01,0.98,-0.43,-1.52,-1.22,
1783262477.681,9.618,straight_walk,0.69,-16.80,25.78,0.11,1.02,2.46,1,0.28,0.01,0.98,-0.79,-1.95,-1.28,
1783262477.701,9.638,straight_walk,0.67,-16.83,25.75,0.11,1.02,2.78,1,0.28,0.00,0.98,-0.55,-2.38,-1.34,
1783262477.721,9.658,straight_walk,0.67,-16.88,25.71,0.11,1.01,3.35,0,0.29,0.01,0.97,-0.49,-2.80,-1.77,
1783262477.741,9.678,straight_walk,0.68,-16.95,25.67,0.11,1.01,3.41,0,0.31,0.02,0.96,-0.55,-2.74,-1.95,
1783262477.761,9.698,straight_walk,0.68,-17.02,25.63,0.11,1.00,3.17,0,0.31,0.02,0.95,-0.79,-2.32,-2.01,
1783262477.781,9.718,straight_walk,0.67,-17.06,25.59,0.11,1.01,2.70,1,0.30,0.01,0.96,-0.91,-1.77,-1.83,
1783262477.801,9.738,straight_walk,0.66,-17.10,25.55,0.11,1.01,2.73,1,0.30,0.01,0.96,-0.73,-1.83,-1.89,
1783262477.821,9.758,straight_walk,0.66,-17.14,25.51,0.11,1.01,2.62,1,0.30,0.01,0.96,-0.61,-1.71,-1.89,
1783262477.841,9.778,straight_walk,0.66,-17.17,25.47,0.11,1.01,2.53,1,0.30,0.02,0.96,-0.61,-1.71,-1.77,
1783262477.861,9.798,straight_walk,0.67,-17.22,25.43,0.11,1.01,2.57,1,0.31,0.01,0.96,-0.67,-1.52,-1.95,
1783262477.881,9.818,straight_walk,0.66,-17.25,25.39,0.11,1.01,2.43,1,0.31,0.00,0.96,-0.49,-1.28,-2.01,
1783262477.901,9.838,straight_walk,0.66,-17.28,25.35,0.11,1.02,1.98,1,0.30,0.00,0.97,0.06,-1.10,-1.65,
1783262477.921,9.858,straight_walk,0.68,-17.30,25.32,0.11,1.02,2.27,1,0.30,0.01,0.97,0.49,-1.34,-1.77,
1783262477.941,9.878,straight_walk,0.71,-17.34,25.28,0.11,1.01,2.41,1,0.31,0.02,0.97,0.61,-1.52,-1.77,
1783262477.961,9.898,straight_walk,0.73,-17.37,25.24,0.11,1.01,2.17,1,0.30,0.02,0.96,0.43,-1.34,-1.65,
1783262477.981,9.918,straight_walk,0.75,-17.40,25.21,0.11,1.00,1.96,1,0.31,0.02,0.96,0.49,-1.28,-1.40,
1783262478.001,9.938,straight_walk,0.77,-17.43,25.20,0.11,1.00,1.54,1,0.31,0.01,0.95,0.55,-1.16,-0.85,
1783262478.021,9.958,straight_walk,0.79,-17.45,25.19,0.11,1.00,1.27,1,0.31,0.02,0.95,0.73,-0.98,-0.37,
1783262478.041,9.978,straight_walk,0.81,-17.48,25.19,0.11,1.01,1.22,1,0.31,0.02,0.96,0.91,-0.79,0.18,
1783262478.061,9.998,straight_walk,0.82,-17.50,25.21,0.11,1.01,1.22,1,0.31,0.02,0.96,0.85,-0.55,0.67,
1783262478.081,10.018,straight_walk,0.84,-17.53,25.23,0.11,1.01,1.49,1,0.32,0.02,0.96,0.91,-0.43,1.10,
1783262478.101,10.038,straight_walk,0.85,-17.55,25.26,0.11,1.01,1.90,1,0.32,0.01,0.95,0.91,0.24,1.65,
1783262478.121,10.058,straight_walk,0.85,-17.55,25.31,0.11,1.01,2.56,1,0.31,0.01,0.96,1.22,0.73,2.13,
1783262478.141,10.078,straight_walk,0.86,-17.54,25.37,0.11,1.01,3.27,0,0.31,0.01,0.96,1.40,0.91,2.80,
1783262478.161,10.098,straight_walk,0.86,-17.53,25.43,0.10,1.01,3.35,0,0.31,0.01,0.96,1.22,0.91,2.99,
1783262478.181,10.118,straight_walk,0.85,-17.52,25.50,0.10,1.01,3.48,0,0.31,0.01,0.96,1.04,0.98,3.17,
1783262478.201,10.138,straight_walk,0.83,-17.50,25.56,0.10,1.01,3.07,0,0.30,0.00,0.96,0.79,0.98,2.80,
1783262478.221,10.158,straight_walk,0.82,-17.48,25.61,0.10,1.01,2.70,1,0.30,0.00,0.96,0.61,0.61,2.56,
1783262478.241,10.178,straight_walk,0.81,-17.47,25.65,0.10,1.01,2.14,1,0.30,0.01,0.96,0.49,0.55,2.01,
1783262478.261,10.198,straight_walk,0.79,-17.46,25.68,0.10,1.01,1.45,1,0.31,0.00,0.96,0.12,0.55,1.34,
1783262478.281,10.218,straight_walk,0.75,-17.45,25.69,0.11,1.02,0.61,0,0.30,-0.01,0.97,-0.24,0.37,0.43,
1783262478.301,10.238,straight_walk,0.72,-17.44,25.68,0.11,1.02,0.44,0,0.30,-0.01,0.97,-0.12,0.00,-0.43,
1783262478.321,10.258,straight_walk,0.70,-17.45,25.66,0.11,1.01,1.14,1,0.31,-0.00,0.96,-0.24,-0.18,-1.10,
1783262478.341,10.278,straight_walk,0.70,-17.47,25.62,0.11,1.00,1.71,1,0.32,0.01,0.95,-0.61,0.18,-1.59,
1783262478.361,10.298,straight_walk,0.69,-17.47,25.58,0.11,1.01,2.23,1,0.31,0.01,0.96,-0.85,0.67,-1.95,
1783262478.381,10.318,straight_walk,0.67,-17.45,25.54,0.11,1.01,2.40,1,0.30,0.00,0.97,-0.91,0.79,-2.07,
1783262478.401,10.338,straight_walk,0.66,-17.43,25.50,0.11,1.01,2.32,1,0.29,0.00,0.97,-0.85,0.61,-2.07,
1783262478.421,10.358,straight_walk,0.65,-17.42,25.45,0.12,1.02,2.37,1,0.30,0.00,0.97,-0.73,0.00,-2.26,
1783262478.441,10.378,straight_walk,0.64,-17.43,25.39,0.12,1.01,2.84,1,0.30,0.00,0.96,-1.04,-0.37,-2.62,
1783262478.461,10.398,straight_walk,0.62,-17.43,25.33,0.12,1.01,3.25,0,0.31,0.00,0.96,-1.10,-0.18,-3.05,
1783262478.481,10.418,straight_walk,0.60,-17.44,25.26,0.12,1.01,3.59,0,0.31,-0.00,0.97,-1.28,-0.12,-3.35,
1783262478.501,10.438,straight_walk,0.58,-17.44,25.18,0.12,1.01,4.23,0,0.30,-0.00,0.97,-1.28,-0.18,-4.02,
1783262478.521,10.458,straight_walk,0.58,-17.45,25.08,0.12,1.01,4.91,0,0.31,0.00,0.96,-1.40,-0.24,-4.70,
1783262478.541,10.478,straight_walk,0.57,-17.46,24.96,0.12,1.01,5.79,0,0.31,0.00,0.96,-1.83,-0.18,-5.49,
1783262478.561,10.498,straight_walk,0.55,-17.46,24.83,0.12,1.01,6.50,0,0.30,-0.00,0.96,-2.07,-0.12,-6.16,
1783262478.581,10.518,straight_walk,0.53,-17.46,24.70,0.12,1.01,6.92,0,0.30,-0.00,0.96,-2.32,-0.12,-6.52,
1783262478.601,10.538,straight_walk,0.52,-17.47,24.55,0.12,1.01,7.35,0,0.30,0.00,0.96,-2.38,-0.12,-6.95,
1783262478.621,10.558,straight_walk,0.51,-17.47,24.40,0.12,1.01,7.46,0,0.31,0.00,0.96,-2.38,0.18,-7.07,
1783262478.641,10.578,straight_walk,0.51,-17.47,24.25,0.12,1.01,7.83,0,0.32,0.01,0.96,-2.56,0.55,-7.38,
1783262478.661,10.598,straight_walk,0.50,-17.47,24.09,0.12,1.01,7.99,0,0.31,0.01,0.96,-2.80,0.79,-7.44,
1783262478.681,10.618,straight_walk,0.49,-17.44,23.94,0.12,1.01,7.84,0,0.30,0.01,0.96,-3.05,1.16,-7.13,
1783262478.701,10.638,straight_walk,0.48,-17.41,23.81,0.12,1.01,7.20,0,0.30,0.01,0.96,-2.87,1.34,-6.46,
1783262478.721,10.658,straight_walk,0.46,-17.38,23.69,0.12,1.00,6.62,0,0.30,0.01,0.96,-3.05,1.28,-5.73,
1783262478.741,10.678,straight_walk,0.42,-17.35,23.57,0.12,1.01,6.82,0,0.31,0.01,0.96,-3.72,1.59,-5.49,
1783262478.761,10.699,straight_walk,0.37,-17.32,23.46,0.12,1.01,6.95,0,0.31,0.00,0.96,-4.09,2.01,-5.24,
1783262478.781,10.718,straight_walk,0.30,-17.28,23.35,0.12,1.01,7.31,0,0.31,-0.01,0.96,-4.21,2.50,-5.43,
1783262478.801,10.738,straight_walk,0.25,-17.23,23.22,0.12,1.00,7.94,0,0.31,-0.01,0.96,-4.02,3.23,-6.04,
1783262478.821,10.758,straight_walk,0.20,-17.15,23.08,0.12,1.00,8.74,0,0.29,0.00,0.95,-4.02,3.90,-6.71,
1783262478.841,10.778,straight_walk,0.16,-17.06,22.93,0.12,1.01,9.15,0,0.28,0.00,0.97,-4.15,3.84,-7.20,
1783262478.861,10.798,straight_walk,0.13,-16.96,22.79,0.12,1.02,8.71,0,0.28,-0.00,0.98,-3.60,3.60,-7.07,
1783262478.881,10.818,straight_walk,0.10,-16.87,22.64,0.13,1.03,8.42,0,0.28,-0.00,0.99,-3.29,3.29,-7.01,
1783262478.901,10.838,straight_walk,0.08,-16.81,22.49,0.13,1.01,8.40,0,0.29,0.00,0.97,-3.23,3.17,-7.07,
1783262478.921,10.858,straight_walk,0.05,-16.75,22.34,0.13,1.01,8.81,0,0.30,0.01,0.97,-3.66,3.41,-7.26,
1783262478.941,10.878,straight_walk,0.04,-16.67,22.19,0.13,1.01,9.12,0,0.30,0.02,0.96,-3.90,4.02,-7.20,
1783262478.961,10.898,straight_walk,0.02,-16.59,22.05,0.12,1.00,9.11,0,0.29,0.02,0.96,-4.21,4.51,-6.71,
1783262478.981,10.918,straight_walk,-0.00,-16.49,21.92,0.12,1.00,9.22,0,0.28,0.02,0.96,-4.63,4.76,-6.40,
1783262479.001,10.938,straight_walk,-0.04,-16.38,21.80,0.12,1.01,8.44,0,0.27,0.02,0.97,-4.45,4.70,-5.43,
1783262479.021,10.958,straight_walk,-0.06,-16.28,21.72,0.13,1.01,6.84,0,0.26,0.02,0.98,-3.72,4.09,-4.02,
1783262479.041,10.978,straight_walk,-0.07,-16.17,21.68,0.13,1.02,5.18,0,0.26,0.03,0.99,-2.99,3.78,-1.89,
1783262479.061,10.998,straight_walk,-0.07,-16.09,21.69,0.13,1.02,3.95,0,0.27,0.04,0.98,-2.20,3.23,0.61,
1783262479.081,11.018,straight_walk,-0.08,-16.02,21.76,0.14,1.02,4.87,0,0.28,0.03,0.98,-1.40,3.17,3.41,
1783262479.101,11.038,straight_walk,-0.10,-15.95,21.91,0.14,1.02,7.59,0,0.28,0.02,0.99,-0.06,3.05,6.95,
1783262479.121,11.058,straight_walk,-0.11,-15.89,22.12,0.15,1.03,10.70,0,0.28,0.02,0.99,1.16,2.87,10.24,
1783262479.141,11.078,straight_walk,-0.12,-15.84,22.39,0.15,1.02,13.43,0,0.28,0.01,0.98,2.20,2.62,12.99,
1783262479.161,11.098,straight_walk,-0.13,-15.80,22.71,0.15,1.02,15.77,0,0.28,0.01,0.98,3.48,2.44,15.18,
1783262479.181,11.118,straight_walk,-0.14,-15.75,23.05,0.15,1.01,17.33,0,0.28,-0.01,0.97,4.21,2.74,16.59,
1783262479.201,11.138,straight_walk,-0.16,-15.68,23.41,0.15,1.01,18.31,0,0.27,-0.02,0.97,5.00,2.87,17.38,
1783262479.221,11.158,straight_walk,-0.18,-15.62,23.77,0.16,1.02,18.49,0,0.26,-0.03,0.98,5.49,2.74,17.44,
1783262479.241,11.178,straight_walk,-0.20,-15.55,24.13,0.16,1.02,18.17,0,0.26,-0.04,0.99,5.73,2.38,17.07,
1783262479.261,11.198,straight_walk,-0.21,-15.49,24.46,0.16,1.03,17.29,0,0.26,-0.03,0.99,5.73,1.77,16.22,
1783262479.281,11.218,straight_walk,-0.22,-15.46,24.78,0.17,1.02,16.05,0,0.26,-0.03,0.99,5.49,0.73,15.06,
1783262479.301,11.239,straight_walk,-0.23,-15.44,25.07,0.17,1.02,14.95,0,0.26,-0.03,0.98,5.18,0.24,14.02,
1783262479.321,11.258,straight_walk,-0.24,-15.43,25.33,0.18,1.02,13.47,0,0.26,-0.03,0.98,4.70,-0.12,12.62,
1783262479.341,11.278,straight_walk,-0.25,-15.43,25.57,0.18,1.02,12.59,0,0.27,-0.04,0.98,4.63,-0.18,11.71,
1783262479.361,11.298,straight_walk,-0.25,-15.45,25.80,0.18,1.02,11.79,0,0.27,-0.03,0.98,4.70,-0.67,10.79,
1783262479.381,11.318,straight_walk,-0.24,-15.46,26.00,0.19,1.01,10.77,0,0.27,-0.02,0.98,4.39,-0.61,9.82,
1783262479.401,11.338,straight_walk,-0.23,-15.47,26.19,0.19,1.02,10.09,0,0.27,-0.02,0.98,4.09,-0.61,9.21,
1783262479.421,11.359,straight_walk,-0.22,-15.48,26.37,0.19,1.02,9.48,0,0.27,-0.02,0.98,3.66,-0.73,8.72,
1783262479.441,11.378,straight_walk,-0.22,-15.49,26.54,0.19,1.02,8.94,0,0.26,-0.02,0.98,3.35,-0.98,8.23,
1783262479.461,11.398,straight_walk,-0.22,-15.52,26.70,0.20,1.02,8.32,0,0.27,-0.02,0.98,3.11,-1.52,7.56,
1783262479.481,11.418,straight_walk,-0.24,-15.55,26.83,0.20,1.02,6.98,0,0.27,-0.03,0.98,2.62,-1.77,6.22,
1783262479.501,11.438,straight_walk,-0.24,-15.57,26.93,0.21,1.02,5.79,0,0.26,-0.03,0.98,2.44,-1.95,4.88,
1783262479.521,11.458,straight_walk,-0.24,-15.61,27.00,0.21,1.01,4.67,0,0.26,-0.02,0.98,2.01,-2.56,3.35,
1783262479.541,11.478,straight_walk,-0.22,-15.67,27.06,0.21,1.01,4.43,0,0.27,-0.01,0.98,1.89,-2.93,2.74,
1783262479.561,11.498,straight_walk,-0.21,-15.73,27.11,0.21,1.01,4.38,0,0.28,-0.01,0.97,1.52,-3.11,2.68,
1783262479.581,11.518,straight_walk,-0.21,-15.80,27.17,0.21,1.01,4.12,0,0.28,-0.01,0.97,1.22,-2.99,2.56,
1783262479.601,11.538,straight_walk,-0.22,-15.86,27.21,0.21,1.01,3.72,0,0.28,-0.01,0.97,0.67,-2.93,2.20,
1783262479.621,11.558,straight_walk,-0.23,-15.92,27.25,0.21,1.01,3.39,0,0.28,-0.01,0.98,0.49,-2.93,1.65,
1783262479.641,11.578,straight_walk,-0.23,-15.98,27.27,0.21,1.01,3.17,0,0.28,-0.01,0.97,0.37,-2.93,1.16,
1783262479.661,11.598,straight_walk,-0.24,-16.04,27.29,0.21,1.02,3.26,0,0.28,-0.01,0.98,0.12,-3.17,0.73,
1783262479.681,11.618,straight_walk,-0.26,-16.10,27.29,0.21,1.02,3.00,0,0.28,-0.01,0.98,-0.24,-2.99,0.12,
1783262479.701,11.638,straight_walk,-0.28,-16.16,27.28,0.21,1.02,3.11,0,0.28,-0.01,0.98,-0.49,-3.05,-0.37,
1783262479.721,11.658,straight_walk,-0.29,-16.21,27.27,0.21,1.01,3.37,0,0.27,-0.01,0.97,-0.55,-3.23,-0.79,
1783262479.741,11.678,straight_walk,-0.30,-16.27,27.25,0.21,1.02,3.80,0,0.28,-0.01,0.98,-0.67,-3.60,-1.04,
1783262479.761,11.698,straight_walk,-0.31,-16.34,27.22,0.21,1.01,3.98,0,0.28,-0.00,0.97,-0.91,-3.72,-1.10,
1783262479.781,11.718,straight_walk,-0.32,-16.42,27.21,0.21,1.02,4.07,0,0.29,-0.01,0.97,-1.04,-3.84,-0.85,
1783262479.801,11.739,straight_walk,-0.35,-16.51,27.18,0.21,1.01,4.17,0,0.30,-0.01,0.97,-1.28,-3.78,-1.22,
1783262479.821,11.758,straight_walk,-0.38,-16.59,27.15,0.21,1.01,3.94,0,0.30,-0.02,0.96,-1.40,-3.35,-1.52,
1783262479.841,11.778,straight_walk,-0.41,-16.66,27.11,0.21,1.01,4.03,0,0.29,-0.02,0.97,-1.40,-3.23,-1.95,
1783262479.861,11.798,straight_walk,-0.44,-16.72,27.06,0.21,1.01,4.12,0,0.29,-0.02,0.97,-1.22,-2.99,-2.56,
1783262479.881,11.818,straight_walk,-0.45,-16.77,27.00,0.21,1.01,4.24,0,0.29,-0.01,0.97,-0.91,-2.99,-2.87,
1783262479.901,11.838,straight_walk,-0.45,-16.83,26.94,0.21,1.01,4.29,0,0.29,-0.01,0.96,-0.91,-3.17,-2.74,
1783262479.921,11.858,straight_walk,-0.46,-16.90,26.88,0.21,1.01,4.27,0,0.29,-0.01,0.96,-1.04,-3.05,-2.80,
1783262479.941,11.878,straight_walk,-0.47,-16.97,26.83,0.21,1.01,4.11,0,0.30,-0.01,0.96,-0.85,-2.99,-2.68,
1783262479.961,11.898,straight_walk,-0.47,-17.02,26.77,0.21,1.01,4.03,0,0.30,-0.01,0.97,-0.73,-2.87,-2.74,
1783262479.981,11.918,straight_walk,-0.47,-17.08,26.71,0.21,1.01,3.90,0,0.30,-0.01,0.97,-0.67,-2.74,-2.68,
1783262480.001,11.938,straight_walk,-0.46,-17.13,26.66,0.20,1.01,3.98,0,0.29,-0.01,0.97,-0.67,-2.80,-2.74,
1783262480.021,11.958,straight_walk,-0.45,-17.17,26.62,0.21,1.02,3.70,0,0.28,-0.00,0.98,-0.06,-3.11,-2.01,
1783262480.041,11.978,straight_walk,-0.42,-17.23,26.59,0.21,1.02,4.13,0,0.29,-0.00,0.97,0.55,-3.90,-1.22,
1783262480.061,11.998,straight_walk,-0.39,-17.31,26.59,0.21,1.01,4.30,0,0.29,-0.00,0.97,1.10,-4.15,-0.30,
1783262480.081,12.018,straight_walk,-0.37,-17.38,26.59,0.21,1.01,4.62,0,0.30,-0.01,0.97,1.59,-4.33,0.30,
1783262480.101,12.038,straight_walk,-0.34,-17.47,26.61,0.21,1.02,4.99,0,0.30,-0.02,0.97,2.01,-4.45,1.04,
1783262480.121,12.058,straight_walk,-0.32,-17.56,26.64,0.22,1.02,5.10,0,0.31,-0.02,0.97,2.13,-4.51,1.04,
1783262480.141,12.078,straight_walk,-0.31,-17.65,26.64,0.22,1.01,4.89,0,0.31,-0.02,0.96,1.89,-4.51,0.00,
1783262480.161,12.098,straight_walk,-0.31,-17.74,26.61,0.22,1.01,4.46,0,0.31,-0.03,0.95,1.04,-4.09,-1.46,
1783262480.181,12.118,straight_walk,-0.31,-17.83,26.55,0.22,1.00,5.02,0,0.32,-0.04,0.95,0.98,-3.96,-2.93,
1783262480.201,12.138,straight_walk,-0.29,-17.93,26.46,0.22,1.00,5.37,0,0.33,-0.02,0.94,1.04,-3.17,-4.21,
1783262480.221,12.158,straight_walk,-0.24,-18.00,26.35,0.22,0.99,5.70,0,0.33,-0.01,0.94,0.67,-2.13,-5.24,
1783262480.241,12.178,straight_walk,-0.20,-18.04,26.22,0.22,1.00,6.09,0,0.32,-0.00,0.94,0.37,-1.40,-5.91,
1783262480.261,12.198,straight_walk,-0.16,-18.06,26.11,0.22,1.01,5.70,0,0.31,-0.00,0.95,0.24,-0.98,-5.61,
1783262480.281,12.218,straight_walk,-0.11,-18.08,26.00,0.21,1.01,5.12,0,0.32,0.00,0.96,0.61,-0.91,-5.00,
1783262480.301,12.238,straight_walk,-0.05,-18.11,25.91,0.21,1.01,4.28,0,0.32,0.01,0.95,0.91,-0.55,-4.15,
1783262480.321,12.258,straight_walk,0.02,-18.12,25.84,0.21,1.01,3.55,0,0.32,0.02,0.96,0.98,0.00,-3.41,
1783262480.341,12.278,straight_walk,0.07,-18.12,25.79,0.21,1.01,2.88,1,0.32,0.01,0.96,1.34,0.49,-2.50,
1783262480.361,12.298,straight_walk,0.12,-18.10,25.76,0.21,1.01,2.30,1,0.31,0.01,0.96,1.52,0.67,-1.59,
1783262480.381,12.318,straight_walk,0.17,-18.10,25.74,0.21,1.01,2.30,1,0.32,0.01,0.96,2.01,0.79,-0.79,
1783262480.401,12.338,straight_walk,0.22,-18.08,25.74,0.21,1.00,2.28,1,0.32,0.01,0.95,1.95,1.16,-0.18,
1783262480.421,12.358,straight_walk,0.26,-18.06,25.74,0.21,1.00,2.71,1,0.32,0.01,0.95,2.13,1.65,0.30,
1783262480.441,12.378,straight_walk,0.30,-18.02,25.75,0.21,1.00,2.91,1,0.31,0.00,0.95,2.07,2.01,0.30,
1783262480.461,12.398,straight_walk,0.34,-17.98,25.75,0.21,1.00,3.16,0,0.31,0.00,0.95,2.32,2.13,0.24,
1783262480.481,12.418,straight_walk,0.38,-17.93,25.76,0.21,1.01,3.26,0,0.31,0.00,0.96,2.32,2.26,0.43,
1783262480.501,12.438,straight_walk,0.43,-17.89,25.77,0.21,1.01,3.49,0,0.31,0.00,0.96,2.56,2.32,0.49,
1783262480.521,12.458,straight_walk,0.46,-17.84,25.79,0.21,1.01,3.69,0,0.31,0.00,0.96,2.56,2.56,0.73,
1783262480.541,12.478,straight_walk,0.50,-17.79,25.80,0.21,1.01,3.75,0,0.31,0.00,0.96,2.56,2.68,0.55,
1783262480.561,12.498,straight_walk,0.54,-17.74,25.83,0.21,1.01,4.25,0,0.31,0.00,0.96,2.74,3.05,1.10,
1783262480.581,12.518,straight_walk,0.59,-17.69,25.85,0.21,1.00,4.67,0,0.32,0.00,0.95,2.87,3.54,1.04,
1783262480.601,12.538,straight_walk,0.63,-17.63,25.87,0.21,1.00,5.04,0,0.32,0.00,0.95,2.87,4.02,0.98,
1783262480.621,12.558,straight_walk,0.67,-17.55,25.89,0.20,1.00,5.26,0,0.31,0.01,0.95,2.56,4.51,0.85,
1783262480.641,12.578,straight_walk,0.70,-17.46,25.91,0.20,1.01,5.37,0,0.30,0.00,0.96,2.44,4.70,0.91,
1783262480.661,12.598,straight_walk,0.74,-17.37,25.93,0.20,1.01,5.70,0,0.31,0.00,0.96,2.56,5.00,0.98,
1783262480.681,12.618,straight_walk,0.77,-17.29,25.95,0.20,1.00,5.58,0,0.31,0.00,0.95,2.50,4.94,0.67,
1783262480.701,12.638,straight_walk,0.80,-17.19,25.95,0.20,1.00,6.06,0,0.31,0.01,0.95,2.13,5.67,0.18,
1783262480.721,12.658,straight_walk,0.84,-17.08,25.96,0.20,1.01,6.23,0,0.30,0.02,0.96,1.95,5.91,0.12,
1783262480.741,12.678,straight_walk,0.88,-16.95,25.97,0.21,1.02,6.22,0,0.29,0.01,0.98,2.20,5.79,0.55,
1783262480.761,12.698,straight_walk,0.92,-16.83,25.99,0.21,1.02,5.86,0,0.28,0.02,0.98,2.38,5.24,1.10,
1783262480.781,12.718,straight_walk,0.96,-16.73,26.02,0.21,1.02,5.31,0,0.29,0.02,0.98,2.20,4.70,1.16,
1783262480.801,12.738,straight_walk,1.00,-16.65,26.04,0.21,1.02,4.78,0,0.30,0.03,0.98,1.40,4.45,1.04,
1783262480.821,12.758,straight_walk,1.02,-16.56,26.06,0.22,1.02,4.67,0,0.29,0.03,0.98,0.43,4.57,0.85,
1783262480.841,12.778,straight_walk,1.02,-16.47,26.08,0.22,1.02,4.47,0,0.28,0.03,0.98,-0.49,4.39,0.67,
1783262480.861,12.798,straight_walk,1.00,-16.37,26.09,0.22,1.02,3.97,0,0.27,0.02,0.99,-1.10,3.78,0.55,
1783262480.882,12.819,straight_walk,0.98,-16.29,26.11,0.23,1.02,3.21,0,0.27,0.02,0.99,-1.40,2.80,0.67,
1783262480.901,12.838,straight_walk,0.95,-16.23,26.12,0.23,1.02,2.73,0,0.27,0.02,0.98,-1.59,2.07,0.79,
1783262480.921,12.858,straight_walk,0.92,-16.18,26.15,0.23,1.02,2.50,1,0.27,0.02,0.98,-1.71,1.46,1.10,
1783262480.941,12.878,straight_walk,0.88,-16.16,26.17,0.24,1.02,2.48,1,0.28,0.02,0.98,-1.89,0.98,1.28,
1783262480.961,12.898,straight_walk,0.83,-16.15,26.21,0.24,1.02,2.73,1,0.29,0.01,0.98,-1.89,0.55,1.89,
1783262480.981,12.918,straight_walk,0.78,-16.14,26.26,0.24,1.02,2.96,1,0.28,0.01,0.98,-2.01,0.37,2.13,
1783262481.001,12.938,straight_walk,0.73,-16.13,26.30,0.24,1.02,2.94,1,0.28,0.01,0.98,-1.95,0.12,2.20,
1783262481.021,12.958,straight_walk,0.67,-16.13,26.35,0.25,1.02,3.09,0,0.27,0.01,0.99,-2.26,-0.43,2.07,
1783262481.041,12.978,straight_walk,0.61,-16.13,26.38,0.25,1.02,3.13,0,0.27,0.01,0.98,-2.56,-0.73,1.65,
1783262481.061,12.998,straight_walk,0.54,-16.15,26.41,0.25,1.01,3.19,0,0.27,0.00,0.98,-2.68,-1.10,1.34,
1783262481.081,13.018,straight_walk,0.47,-16.17,26.43,0.25,1.01,3.10,0,0.28,0.00,0.97,-2.68,-1.22,0.98,
1783262481.101,13.038,straight_walk,0.41,-16.19,26.44,0.25,1.02,3.36,0,0.28,0.01,0.98,-2.99,-1.40,0.61,
1783262481.121,13.059,straight_walk,0.34,-16.22,26.45,0.25,1.02,3.56,0,0.28,0.01,0.98,-3.17,-1.52,0.55,
1783262481.141,13.078,straight_walk,0.27,-16.24,26.46,0.24,1.02,3.60,0,0.28,0.00,0.98,-3.11,-1.77,0.37,
1783262481.161,13.098,straight_walk,0.21,-16.27,26.47,0.24,1.01,3.30,0,0.28,-0.00,0.98,-2.62,-1.89,0.67,
1783262481.181,13.118,straight_walk,0.16,-16.30,26.50,0.24,1.01,3.22,0,0.28,0.00,0.98,-2.07,-2.07,1.34,
1783262481.201,13.138,straight_walk,0.12,-16.35,26.54,0.24,1.01,3.35,0,0.28,0.01,0.97,-1.77,-2.01,2.01,
1783262481.221,13.158,straight_walk,0.08,-16.38,26.59,0.24,1.01,3.33,0,0.29,0.01,0.97,-1.52,-1.77,2.38,
1783262481.241,13.179,straight_walk,0.04,-16.41,26.66,0.24,1.01,3.74,0,0.28,0.00,0.97,-1.40,-1.65,3.05,
1783262481.261,13.198,straight_walk,-0.01,-16.44,26.73,0.24,1.01,4.30,0,0.28,-0.00,0.97,-1.40,-1.65,3.72,
1783262481.281,13.218,straight_walk,-0.07,-16.46,26.82,0.24,1.01,4.64,0,0.27,-0.01,0.97,-1.34,-1.59,4.15,
1783262481.301,13.238,straight_walk,-0.13,-16.48,26.92,0.24,1.01,5.16,0,0.28,-0.01,0.97,-1.22,-1.77,4.70,
1783262481.321,13.258,straight_walk,-0.19,-16.51,27.01,0.24,1.01,4.96,0,0.28,-0.01,0.97,-1.22,-1.65,4.51,
1783262481.341,13.278,straight_walk,-0.24,-16.54,27.10,0.24,1.01,4.67,0,0.29,-0.01,0.97,-0.85,-1.52,4.33,
1783262481.361,13.299,straight_walk,-0.29,-16.56,27.19,0.24,1.01,4.38,0,0.28,-0.01,0.97,-0.73,-1.40,4.09,
1783262481.381,13.318,straight_walk,-0.34,-16.58,27.27,0.24,1.02,4.29,0,0.28,-0.02,0.98,-0.49,-1.22,4.09,
1783262481.401,13.338,straight_walk,-0.38,-16.59,27.35,0.24,1.02,3.97,0,0.28,-0.02,0.98,-0.30,-1.34,3.72,
1783262481.421,13.358,straight_walk,-0.42,-16.62,27.42,0.24,1.01,3.79,0,0.28,-0.02,0.97,-0.49,-1.71,3.35,
1783262481.441,13.378,straight_walk,-0.46,-16.65,27.48,0.24,1.01,3.36,0,0.29,-0.02,0.97,-0.43,-1.71,2.87,
1783262481.461,13.398,straight_walk,-0.48,-16.69,27.55,0.24,1.01,3.44,0,0.30,-0.01,0.97,-0.12,-1.34,3.17,
1783262481.481,13.418,straight_walk,-0.50,-16.71,27.61,0.24,1.01,3.26,0,0.29,-0.01,0.96,0.06,-0.98,3.11,
1783262481.501,13.438,straight_walk,-0.53,-16.72,27.68,0.24,1.01,3.32,0,0.29,-0.01,0.96,-0.12,-0.98,3.17,
1783262481.521,13.458,straight_walk,-0.56,-16.74,27.75,0.24,1.01,3.65,0,0.29,-0.02,0.97,-0.24,-1.10,3.48,
1783262481.541,13.478,straight_walk,-0.59,-16.76,27.83,0.24,1.01,3.82,0,0.29,-0.02,0.97,0.06,-1.10,3.66,
1783262481.561,13.498,straight_walk,-0.62,-16.78,27.90,0.24,1.01,3.70,0,0.30,-0.02,0.97,0.06,-0.85,3.60,
1783262481.581,13.518,straight_walk,-0.65,-16.80,27.98,0.24,1.02,3.55,0,0.29,-0.02,0.97,-0.12,-0.73,3.48,
1783262481.601,13.538,straight_walk,-0.68,-16.80,28.04,0.24,1.02,3.21,0,0.29,-0.03,0.98,0.12,-0.79,3.11,
1783262481.621,13.558,straight_walk,-0.71,-16.81,28.10,0.24,1.02,3.06,0,0.29,-0.03,0.98,0.30,-1.04,2.87,
1783262481.641,13.578,straight_walk,-0.73,-16.84,28.15,0.25,1.02,2.89,1,0.29,-0.02,0.97,0.55,-1.22,2.56,
1783262481.661,13.598,straight_walk,-0.75,-16.87,28.21,0.25,1.01,2.86,1,0.30,-0.03,0.97,0.67,-1.22,2.50,
1783262481.681,13.618,straight_walk,-0.76,-16.89,28.25,0.25,1.01,2.57,1,0.29,-0.03,0.97,0.67,-1.04,2.26,
1783262481.701,13.638,straight_walk,-0.77,-16.91,28.29,0.25,1.01,2.21,1,0.29,-0.02,0.97,0.49,-1.04,1.89,
1783262481.721,13.658,straight_walk,-0.78,-16.92,28.33,0.25,1.02,2.37,1,0.29,-0.02,0.98,0.49,-1.34,1.89,
1783262481.741,13.678,straight_walk,-0.79,-16.94,28.38,0.25,1.02,2.52,1,0.29,-0.02,0.97,0.43,-1.46,2.01,
1783262481.761,13.698,straight_walk,-0.80,-16.97,28.42,0.25,1.01,2.84,1,0.29,-0.02,0.97,0.49,-1.65,2.26,
1783262481.781,13.718,straight_walk,-0.81,-17.01,28.47,0.25,1.01,2.66,1,0.30,-0.02,0.97,0.73,-1.65,1.95,
1783262481.801,13.738,straight_walk,-0.81,-17.04,28.50,0.25,1.02,2.31,1,0.30,-0.02,0.97,0.55,-1.52,1.65,
1783262481.821,13.758,straight_walk,-0.80,-17.07,28.53,0.25,1.02,2.25,1,0.29,-0.01,0.97,0.61,-1.65,1.40,
1783262481.841,13.778,straight_walk,-0.80,-17.11,28.55,0.25,1.01,2.20,1,0.29,-0.02,0.97,0.43,-1.89,1.04,
1783262481.861,13.798,straight_walk,-0.81,-17.14,28.58,0.25,1.01,2.12,1,0.30,-0.02,0.96,0.67,-1.65,1.16,
1783262481.881,13.818,straight_walk,-0.81,-17.18,28.61,0.25,1.01,2.26,1,0.31,-0.02,0.96,0.91,-1.46,1.46,
1783262481.901,13.838,straight_walk,-0.79,-17.22,28.64,0.24,1.01,2.51,1,0.31,-0.01,0.96,1.59,-1.04,1.65,
1783262481.921,13.858,straight_walk,-0.77,-17.24,28.68,0.24,1.01,2.42,1,0.31,-0.01,0.96,1.59,-0.67,1.71,
1783262481.941,13.878,straight_walk,-0.75,-17.26,28.73,0.24,1.01,2.91,1,0.31,-0.01,0.96,1.71,-0.67,2.26,
1783262481.961,13.898,straight_walk,-0.72,-17.27,28.79,0.24,1.01,3.66,0,0.30,-0.01,0.96,2.01,-0.24,3.05,
1783262481.981,13.918,straight_walk,-0.69,-17.28,28.88,0.24,1.01,4.70,0,0.30,-0.00,0.96,2.32,-0.24,4.09,
1783262482.002,13.939,straight_walk,-0.66,-17.28,28.97,0.24,1.01,5.26,0,0.30,-0.00,0.96,2.38,0.00,4.70,
1783262482.021,13.958,straight_walk,-0.65,-17.28,29.08,0.24,1.01,5.68,0,0.30,-0.01,0.97,2.32,-0.12,5.18,
1783262482.041,13.978,straight_walk,-0.63,-17.27,29.20,0.24,1.01,6.04,0,0.29,-0.01,0.97,2.38,-0.24,5.55,
1783262482.061,13.998,straight_walk,-0.62,-17.27,29.32,0.24,1.01,6.25,0,0.29,-0.01,0.97,2.44,-0.55,5.73,
1783262482.081,14.018,straight_walk,-0.60,-17.29,29.45,0.24,1.01,6.58,0,0.30,-0.00,0.96,2.32,-0.85,6.10,
1783262482.101,14.038,straight_walk,-0.59,-17.30,29.58,0.24,1.01,6.71,0,0.31,-0.00,0.96,1.95,-0.49,6.40,
1783262482.121,14.058,straight_walk,-0.60,-17.31,29.72,0.24,1.01,6.69,0,0.30,-0.01,0.96,1.71,-0.30,6.46,
1783262482.141,14.078,straight_walk,-0.62,-17.31,29.85,0.24,1.01,6.53,0,0.29,-0.02,0.96,1.52,-0.37,6.34,
1783262482.161,14.098,straight_walk,-0.64,-17.30,29.98,0.24,1.01,6.22,0,0.29,-0.02,0.97,1.59,-0.67,5.98,
1783262482.181,14.118,straight_walk,-0.65,-17.31,30.09,0.24,1.01,5.92,0,0.29,-0.01,0.97,1.46,-1.22,5.61,
1783262482.201,14.138,straight_walk,-0.66,-17.32,30.21,0.24,1.01,5.84,0,0.29,-0.01,0.97,1.65,-1.40,5.43,
1783262482.221,14.158,straight_walk,-0.67,-17.33,30.33,0.24,1.00,6.05,0,0.29,-0.02,0.96,1.65,-1.04,5.73,
1783262482.241,14.178,straight_walk,-0.68,-17.33,30.45,0.25,1.01,6.37,0,0.29,-0.02,0.97,1.65,-1.22,6.04,
1783262482.261,14.198,straight_walk,-0.69,-17.35,30.59,0.24,1.02,6.66,0,0.29,-0.01,0.97,1.52,-1.34,6.34,
1783262482.281,14.218,straight_walk,-0.71,-17.38,30.72,0.24,1.01,6.68,0,0.31,-0.01,0.97,1.16,-1.22,6.46,
1783262482.301,14.238,straight_walk,-0.75,-17.40,30.87,0.25,1.01,6.91,0,0.31,-0.03,0.96,0.79,-0.73,6.83,
1783262482.321,14.258,straight_walk,-0.80,-17.42,31.00,0.25,1.01,6.53,0,0.31,-0.03,0.96,0.67,-0.61,6.46,
1783262482.341,14.278,straight_walk,-0.85,-17.43,31.13,0.25,1.01,5.95,0,0.31,-0.03,0.96,0.61,-0.24,5.91,
1783262482.361,14.298,straight_walk,-0.89,-17.44,31.24,0.25,1.01,5.33,0,0.31,-0.03,0.96,0.55,-0.06,5.30,
1783262482.381,14.318,straight_walk,-0.94,-17.44,31.34,0.25,1.01,4.84,0,0.30,-0.04,0.96,0.49,0.00,4.82,
1783262482.401,14.338,straight_walk,-0.98,-17.44,31.43,0.25,1.01,4.26,0,0.31,-0.04,0.96,0.67,-0.12,4.21,
1783262482.421,14.358,straight_walk,-1.01,-17.45,31.50,0.26,1.01,3.74,0,0.31,-0.03,0.96,0.43,-0.06,3.72,
1783262482.441,14.378,straight_walk,-1.04,-17.46,31.58,0.26,1.01,3.55,0,0.31,-0.03,0.96,0.30,0.18,3.54,
1783262482.461,14.398,straight_walk,-1.09,-17.46,31.65,0.26,1.01,3.29,0,0.31,-0.04,0.96,0.00,0.12,3.29,
1783262482.481,14.418,straight_walk,-1.13,-17.46,31.71,0.26,1.01,3.11,0,0.31,-0.04,0.96,0.12,0.12,3.11,
1783262482.501,14.438,straight_walk,-1.17,-17.47,31.77,0.27,1.02,2.58,1,0.31,-0.04,0.97,0.30,0.00,2.56,
1783262482.521,14.458,straight_walk,-1.19,-17.47,31.81,0.27,1.02,2.06,1,0.30,-0.04,0.97,0.30,-0.30,2.01,
1783262482.541,14.478,straight_walk,-1.22,-17.47,31.84,0.27,1.01,1.58,1,0.30,-0.04,0.97,0.18,-0.37,1.52,
1783262482.561,14.498,straight_walk,-1.24,-17.48,31.87,0.27,1.01,1.49,1,0.30,-0.04,0.97,0.37,-0.67,1.28,
1783262482.581,14.518,straight_walk,-1.25,-17.50,31.89,0.27,1.01,1.34,1,0.31,-0.03,0.96,0.49,-0.85,0.91,
1783262482.601,14.538,straight_walk,-1.25,-17.52,31.90,0.28,1.02,1.22,1,0.31,-0.03,0.97,0.55,-0.85,0.67,
1783262482.621,14.558,straight_walk,-1.26,-17.55,31.91,0.28,1.02,0.97,1,0.31,-0.03,0.97,0.43,-0.85,0.18,
1783262482.641,14.578,straight_walk,-1.27,-17.56,31.90,0.28,1.02,1.03,1,0.31,-0.04,0.97,0.18,-0.91,-0.43,
1783262482.661,14.598,straight_walk,-1.28,-17.59,31.88,0.28,1.01,1.55,1,0.31,-0.03,0.96,0.00,-1.16,-1.04,
1783262482.681,14.618,straight_walk,-1.27,-17.63,31.85,0.28,1.00,1.60,1,0.32,-0.02,0.95,0.06,-1.16,-1.10,
1783262482.701,14.638,straight_walk,-1.26,-17.66,31.83,0.28,1.00,1.24,1,0.31,-0.02,0.95,-0.12,-0.67,-1.04,
1783262482.721,14.658,straight_walk,-1.26,-17.67,31.81,0.28,1.00,1.01,1,0.31,-0.02,0.95,-0.12,-0.24,-0.98,
1783262482.741,14.678,straight_walk,-1.26,-17.68,31.79,0.28,1.01,1.01,1,0.31,-0.02,0.96,-0.24,-0.12,-0.98,
1783262482.761,14.698,straight_walk,-1.27,-17.68,31.77,0.28,1.01,0.93,1,0.31,-0.03,0.96,-0.18,-0.06,-0.91,
1783262482.781,14.718,straight_walk,-1.27,-17.68,31.75,0.28,1.01,1.14,1,0.31,-0.02,0.96,-0.24,-0.18,-1.10,
1783262482.801,14.738,straight_walk,-1.27,-17.69,31.72,0.28,1.01,1.30,1,0.31,-0.02,0.96,-0.43,-0.12,-1.22,
1783262482.821,14.758,straight_walk,-1.27,-17.69,31.69,0.28,1.01,1.54,1,0.31,-0.03,0.97,-0.49,0.00,-1.46,
1783262482.841,14.778,straight_walk,-1.28,-17.68,31.66,0.28,1.01,1.56,1,0.30,-0.03,0.97,-0.30,0.12,-1.52,
1783262482.861,14.798,straight_walk,-1.27,-17.68,31.63,0.27,1.02,1.67,1,0.30,-0.02,0.97,-0.18,-0.18,-1.65,
1783262482.881,14.818,straight_walk,-1.26,-17.68,31.59,0.27,1.02,1.76,1,0.31,-0.02,0.97,-0.43,-0.12,-1.71,
1783262482.901,14.838,straight_walk,-1.26,-17.68,31.55,0.27,1.01,1.98,1,0.30,-0.02,0.96,-0.55,-0.18,-1.89,
1783262482.921,14.858,straight_walk,-1.27,-17.69,31.52,0.27,1.01,1.71,1,0.30,-0.02,0.96,-0.67,-0.37,-1.52,
1783262482.941,14.878,straight_walk,-1.27,-17.70,31.49,0.00,1.01,1.47,1,0.31,-0.03,0.96,-0.43,-0.43,-1.34,
1783262482.961,14.898,straight_walk,-1.27,-17.71,31.46,0.00,1.01,1.61,1,0.31,-0.02,0.97,-0.37,-0.37,-1.52,
1783262482.981,14.918,straight_walk,-1.27,-17.71,31.42,0.00,1.02,1.82,1,0.31,-0.02,0.97,-0.37,-0.24,-1.77,
1783262483.001,14.938,straight_walk,-1.26,-17.71,31.39,0.00,1.02,1.76,1,0.31,-0.02,0.97,-0.49,-0.37,-1.65,
1783262483.021,14.958,straight_walk,-1.26,-17.72,31.36,0.00,1.01,1.51,1,0.30,-0.02,0.96,-0.43,-0.37,-1.40,
1783262483.041,14.978,straight_walk,-1.26,-17.72,31.34,0.00,1.01,1.20,1,0.30,-0.02,0.96,-0.30,-0.37,-1.10,
1783262483.061,14.998,straight_walk,-1.26,-17.73,31.32,0.00,1.01,1.00,1,0.30,-0.02,0.96,-0.30,-0.43,-0.85,
1783262483.081,15.018,straight_walk,-1.26,-17.73,31.31,0.00,1.01,0.59,1,0.31,-0.02,0.97,-0.18,-0.37,-0.43,
1783262483.101,15.038,straight_walk,-1.25,-17.74,31.31,0.00,1.01,0.40,1,0.31,-0.02,0.96,0.12,-0.37,-0.12,
1783262483.121,15.058,straight_walk,-1.25,-17.75,31.31,0.00,1.01,0.46,1,0.31,-0.02,0.96,0.24,-0.24,0.30,
1783262483.141,15.078,straight_walk,-1.25,-17.75,31.33,0.00,1.01,0.98,1,0.31,-0.02,0.96,0.49,0.00,0.85,
1783262483.161,15.098,straight_walk,-1.24,-17.74,31.36,0.00,1.01,1.22,1,0.30,-0.02,0.97,0.37,-0.06,1.16,
1783262483.181,15.118,straight_walk,-1.24,-17.74,31.39,0.00,1.01,1.75,1,0.30,-0.02,0.97,0.30,-0.24,1.71,
1783262483.201,15.138,straight_walk,-1.25,-17.74,31.44,0.00,1.01,2.26,1,0.30,-0.03,0.97,0.37,-0.37,2.20,
1783262483.221,15.158,straight_walk,-1.28,-17.74,31.48,0.00,1.02,2.22,1,0.30,-0.04,0.97,0.43,-0.43,2.13,
1783262483.241,15.178,straight_walk,-1.30,-17.74,31.52,0.00,1.01,1.80,1,0.30,-0.04,0.97,0.49,-0.55,1.65,
1783262483.261,15.198,straight_walk,-1.30,-17.75,31.54,0.00,1.01,1.42,1,0.30,-0.03,0.96,0.43,-0.79,1.10,
1783262483.281,15.218,straight_walk,-1.30,-17.77,31.57,0.00,1.01,1.42,1,0.31,-0.02,0.96,0.37,-0.73,1.16,
1783262483.301,15.238,straight_walk,-1.31,-17.78,31.59,0.00,1.01,1.25,1,0.31,-0.03,0.96,0.30,-0.37,1.16,
1783262483.321,15.258,straight_walk,-1.33,-17.79,31.62,0.00,1.01,1.23,1,0.31,-0.03,0.96,0.18,-0.37,1.16,
1783262483.341,15.278,straight_walk,-1.34,-17.80,31.64,0.00,1.01,1.16,1,0.31,-0.03,0.96,0.30,-0.24,1.10,
1783262483.361,15.298,straight_walk,-1.36,-17.80,31.65,0.00,1.01,0.80,1,0.31,-0.03,0.96,0.00,-0.12,0.79,
1783262483.381,15.318,straight_walk,-1.37,-17.80,31.67,0.00,1.01,0.50,1,0.30,-0.03,0.96,0.00,-0.12,0.49,
1783262483.401,15.338,straight_walk,-1.38,-17.80,31.68,0.00,1.01,0.56,1,0.31,-0.03,0.97,-0.12,-0.24,0.49,
1783262483.421,15.358,straight_walk,-1.40,-17.80,31.68,0.00,1.02,0.55,1,0.31,-0.04,0.97,0.06,-0.49,0.24,
1783262483.441,15.378,straight_walk,-1.41,-17.81,31.68,0.00,1.02,0.46,1,0.31,-0.03,0.97,0.18,-0.43,0.00,
1783262483.461,15.398,straight_walk,-1.41,-17.83,31.67,0.00,1.01,0.58,1,0.31,-0.03,0.96,0.24,-0.43,-0.30,
1783262483.481,15.418,straight_walk,-1.40,-17.84,31.67,0.00,1.01,0.54,1,0.32,-0.03,0.96,0.24,-0.30,-0.37,
1783262483.501,15.438,straight_walk,-1.40,-17.84,31.66,0.00,1.01,0.30,1,0.31,-0.03,0.96,0.24,0.12,-0.12,
1783262483.521,15.458,straight_walk,-1.40,-17.85,31.67,0.00,1.01,0.58,1,0.31,-0.03,0.96,0.49,-0.18,0.24,
1783262483.541,15.478,straight_walk,-1.40,-17.86,31.68,0.00,1.00,0.66,1,0.31,-0.03,0.95,0.43,-0.12,0.49,
1783262483.561,15.498,straight_walk,-1.41,-17.87,31.69,0.00,1.00,0.91,1,0.32,-0.03,0.95,0.67,0.06,0.61,
1783262483.581,15.518,straight_walk,-1.42,-17.87,31.71,0.00,1.01,1.12,1,0.32,-0.04,0.95,0.79,0.43,0.67,
1783262483.601,15.538,straight_walk,-1.42,-17.86,31.72,0.00,1.01,1.71,1,0.31,-0.04,0.96,1.46,0.73,0.49,
1783262483.621,15.558,straight_walk,-1.39,-17.84,31.71,0.00,1.02,1.85,1,0.30,-0.04,0.98,1.71,0.61,-0.37,
1783262483.641,15.578,straight_walk,-1.37,-17.82,31.68,0.00,1.02,2.08,1,0.30,-0.03,0.97,1.59,0.18,-1.34,
1783262483.661,15.598,straight_walk,-1.35,-17.83,31.63,0.00,1.01,2.54,1,0.31,-0.04,0.96,1.16,-0.12,-2.26,
1783262483.681,15.618,straight_walk,-1.33,-17.83,31.57,0.01,1.01,3.14,0,0.31,-0.05,0.96,1.40,0.00,-2.80,
1783262483.701,15.638,straight_walk,-1.29,-17.83,31.51,0.01,1.01,3.60,0,0.31,-0.04,0.96,1.71,0.12,-3.17,
1783262483.721,15.658,straight_walk,-1.24,-17.83,31.44,0.01,1.01,3.74,0,0.31,-0.02,0.97,1.65,0.00,-3.35,
1783262483.741,15.678,straight_walk,-1.18,-17.82,31.37,0.01,1.01,3.63,0,0.30,-0.01,0.96,1.22,-0.24,-3.41,
1783262483.761,15.698,straight_walk,-1.15,-17.83,31.30,0.01,1.01,3.32,0,0.31,-0.02,0.96,0.98,-0.61,-3.11,
1783262483.781,15.718,straight_walk,-1.14,-17.86,31.23,0.01,1.01,3.38,0,0.32,-0.04,0.96,0.79,-0.61,-3.23,
1783262483.801,15.738,straight_walk,-1.13,-17.89,31.16,0.02,1.02,3.66,0,0.34,-0.05,0.96,1.16,0.06,-3.48,
1783262483.821,15.758,straight_walk,-1.11,-17.90,31.07,0.03,1.02,4.62,0,0.33,-0.05,0.96,1.83,0.91,-4.15,
1783262483.841,15.778,straight_walk,-1.04,-17.87,30.97,0.03,1.01,5.86,0,0.31,-0.03,0.96,2.50,1.59,-5.06,
1783262483.861,15.798,straight_walk,-0.94,-17.84,30.86,0.03,1.01,5.93,0,0.30,-0.01,0.96,2.80,1.52,-5.00,
1783262483.881,15.818,straight_walk,-0.84,-17.80,30.76,0.03,1.00,5.67,0,0.30,0.00,0.96,2.93,1.65,-4.57,
1783262483.901,15.838,straight_walk,-0.73,-17.77,30.69,0.03,1.00,5.13,0,0.31,-0.00,0.95,3.35,1.95,-3.35,
1783262483.921,15.858,straight_walk,-0.64,-17.75,30.64,0.03,1.00,4.95,0,0.32,-0.00,0.95,3.60,2.44,-2.38,
1783262483.941,15.878,straight_walk,-0.54,-17.71,30.61,0.03,1.00,5.17,0,0.33,-0.00,0.95,3.84,3.05,-1.65,
1783262483.961,15.898,straight_walk,-0.44,-17.66,30.59,0.03,1.01,5.53,0,0.32,0.01,0.95,4.09,3.66,-0.73,
1783262483.981,15.918,straight_walk,-0.32,-17.57,30.60,0.03,1.01,5.84,0,0.30,0.02,0.97,4.27,3.96,0.37,
1783262484.001,15.938,straight_walk,-0.20,-17.47,30.63,0.03,1.02,6.37,0,0.28,0.03,0.98,4.76,3.90,1.65,
1783262484.021,15.958,straight_walk,-0.09,-17.37,30.69,0.02,1.02,6.53,0,0.28,0.03,0.98,5.12,2.99,2.74,
1783262484.041,15.978,straight_walk,0.01,-17.30,30.76,0.03,1.02,6.45,0,0.28,0.01,0.98,4.94,2.26,3.48,
1783262484.061,15.998,straight_walk,0.08,-17.27,30.83,0.03,1.01,6.24,0,0.29,-0.00,0.97,5.06,1.10,3.48,
1783262484.081,16.018,straight_walk,0.15,-17.25,30.90,0.03,1.02,5.77,0,0.30,-0.01,0.97,4.88,0.98,2.93,
1783262484.101,16.038,straight_walk,0.22,-17.22,30.94,0.03,1.02,4.98,0,0.29,-0.00,0.98,4.51,0.91,1.89,
1783262484.121,16.058,straight_walk,0.30,-17.17,30.95,0.04,1.02,4.13,0,0.28,0.01,0.98,4.02,0.73,0.55,
1783262484.141,16.078,straight_walk,0.38,-17.12,30.94,0.04,1.01,3.33,0,0.26,0.01,0.98,3.29,0.30,-0.37,
1783262484.161,16.098,straight_walk,0.44,-17.08,30.93,0.04,1.01,2.72,0,0.25,0.01,0.98,2.56,-0.73,-0.55,
1783262484.181,16.118,straight_walk,0.48,-17.05,30.92,0.05,1.02,2.77,0,0.25,0.00,0.99,2.13,-1.71,-0.43,
1783262484.201,16.138,straight_walk,0.51,-17.06,30.90,0.06,1.02,3.72,0,0.26,-0.00,0.99,2.07,-2.93,-0.98,
1783262484.221,16.158,straight_walk,0.56,-17.10,30.86,0.06,1.01,4.41,0,0.27,0.00,0.97,2.20,-3.35,-1.83,
1783262484.241,16.178,straight_walk,0.63,-17.15,30.78,0.07,1.02,5.46,0,0.29,0.01,0.97,2.38,-3.41,-3.54,
1783262484.261,16.198,straight_walk,0.73,-17.19,30.68,0.07,1.03,6.42,0,0.29,0.03,0.99,2.56,-3.11,-5.00,
1783262484.281,16.218,straight_walk,0.85,-17.20,30.58,0.08,1.02,6.05,0,0.26,0.05,0.99,2.32,-2.93,-4.76,
1783262484.301,16.238,straight_walk,0.98,-17.18,30.53,0.09,1.01,4.22,0,0.23,0.07,0.98,2.13,-2.80,-2.32,
1783262484.321,16.258,straight_walk,1.09,-17.14,30.53,0.11,0.99,3.99,0,0.21,0.08,0.97,1.95,-3.48,0.18,
1783262484.341,16.278,straight_walk,1.18,-17.12,30.58,0.12,0.99,4.94,0,0.21,0.08,0.97,1.77,-4.02,2.26,
1783262484.362,16.299,straight_walk,1.28,-17.15,30.63,0.14,1.00,6.04,0,0.24,0.08,0.97,2.32,-4.82,2.80,
1783262484.381,16.318,straight_walk,1.37,-17.21,30.69,0.15,1.03,6.13,0,0.27,0.08,0.99,2.32,-4.94,2.80,
1783262484.401,16.338,straight_walk,1.46,-17.29,30.76,0.16,1.04,5.92,0,0.30,0.08,0.99,1.95,-4.33,3.54,
1783262484.421,16.358,straight_walk,1.50,-17.35,30.89,0.17,1.04,6.93,0,0.31,0.07,1.00,1.22,-3.17,6.04,
1783262484.441,16.378,straight_walk,1.51,-17.39,31.10,0.18,1.03,10.38,0,0.29,0.07,0.99,0.79,-2.44,10.06,
1783262484.461,16.398,straight_walk,1.49,-17.39,31.41,0.19,1.02,15.29,0,0.26,0.08,0.98,0.67,-2.13,15.12,
1783262484.481,16.418,straight_walk,1.44,-17.37,31.81,0.20,1.01,19.43,0,0.24,0.08,0.98,0.55,-2.44,19.27,
1783262484.501,16.438,straight_walk,1.38,-17.37,32.28,0.22,1.00,22.48,0,0.24,0.08,0.96,0.43,-2.68,22.32,
1783262484.521,16.458,straight_walk,1.27,-17.37,32.78,0.23,0.99,24.17,0,0.24,0.05,0.96,0.18,-2.62,24.02,
1783262484.541,16.478,straight_walk,1.14,-17.38,33.29,0.23,1.01,24.52,0,0.25,0.02,0.97,0.37,-3.05,24.33,
1783262484.561,16.498,straight_walk,0.98,-17.42,33.80,0.24,1.04,24.42,0,0.28,0.01,1.00,0.24,-3.17,24.21,
1783262484.581,16.518,straight_walk,0.80,-17.49,34.30,0.24,1.04,24.33,0,0.30,-0.00,0.99,-0.55,-3.41,24.09,
1783262484.601,16.538,straight_walk,0.57,-17.58,34.79,0.24,1.03,24.06,0,0.31,-0.02,0.98,-2.38,-4.02,23.60,
1783262484.621,16.558,straight_walk,0.29,-17.69,35.28,0.23,1.01,23.97,0,0.31,-0.03,0.96,-4.15,-5.12,23.05,
1783262484.641,16.578,straight_walk,-0.03,-17.79,35.76,0.23,0.98,24.40,0,0.28,-0.05,0.94,-5.73,-5.85,22.99,
1783262484.661,16.598,straight_walk,-0.39,-17.89,36.24,0.22,0.97,24.77,0,0.26,-0.09,0.94,-5.85,-7.50,22.87,
1783262484.681,16.618,straight_walk,-0.76,-18.00,36.71,0.23,0.99,25.13,0,0.24,-0.12,0.96,-4.51,-10.24,22.50,
1783262484.701,16.638,straight_walk,-1.08,-18.16,37.18,0.23,1.04,25.59,0,0.24,-0.13,1.00,-2.20,-12.87,22.01,
1783262484.721,16.658,straight_walk,-1.34,-18.37,37.64,0.25,1.07,25.96,0,0.27,-0.12,1.03,-0.18,-14.70,21.40,
1783262484.741,16.678,straight_walk,-1.57,-18.60,38.09,0.26,1.08,25.48,0,0.31,-0.12,1.03,0.79,-14.27,21.10,
1783262484.761,16.698,straight_walk,-1.79,-18.81,38.55,0.27,1.07,25.23,0,0.32,-0.12,1.01,1.34,-12.68,21.77,
1783262484.781,16.718,straight_walk,-2.03,-18.98,39.03,0.28,1.07,25.21,0,0.31,-0.12,1.01,0.67,-11.46,22.44,
1783262484.801,16.738,straight_walk,-2.27,-19.15,39.53,0.29,1.05,25.91,0,0.30,-0.11,1.00,0.24,-11.59,23.17,
1783262484.821,16.759,straight_walk,-2.49,-19.30,40.04,0.30,1.05,26.48,0,0.29,-0.09,1.00,-0.06,-12.13,23.54,
1783262484.841,16.778,straight_walk,-2.68,-19.44,40.57,0.32,1.01,27.84,0,0.25,-0.07,0.97,1.04,-12.93,24.63,
1783262484.861,16.798,straight_walk,-2.82,-19.53,41.15,0.34,0.99,30.14,0,0.20,-0.06,0.97,3.48,-13.66,26.65,
1783262484.881,16.818,straight_walk,-2.93,-19.60,41.80,0.36,0.96,34.20,0,0.16,-0.07,0.95,6.65,-15.61,29.70,
1783262484.901,16.838,straight_walk,-3.04,-19.71,42.51,0.39,0.94,38.72,0,0.15,-0.10,0.92,10.00,-17.74,32.93,
1783262484.921,16.858,straight_walk,-3.13,-19.86,43.28,0.41,0.94,42.05,0,0.17,-0.13,0.92,13.05,-19.21,35.06,
1783262484.941,16.878,straight_walk,-3.22,-20.04,44.05,0.43,0.95,42.67,0,0.19,-0.15,0.92,14.88,-19.45,34.94,
1783262484.961,16.898,straight_walk,-3.29,-20.23,44.77,0.46,0.96,41.18,0,0.20,-0.16,0.92,15.43,-19.33,32.93,
1783262484.981,16.918,straight_walk,-3.35,-20.42,45.41,0.48,0.97,38.12,0,0.22,-0.18,0.93,15.61,-18.78,29.27,
1783262485.001,16.938,straight_walk,-3.39,-20.60,45.96,0.51,0.99,34.54,0,0.22,-0.20,0.94,15.98,-18.11,24.70,
1783262485.021,16.958,straight_walk,-3.39,-20.78,46.40,0.54,1.01,30.77,0,0.25,-0.21,0.96,16.59,-17.20,19.39,
1783262485.041,16.978,straight_walk,-3.35,-20.96,46.74,0.56,1.03,27.90,0,0.26,-0.21,0.97,17.32,-16.04,14.88,
1783262485.061,16.998,straight_walk,-3.21,-21.13,47.00,0.59,1.04,26.65,0,0.28,-0.19,0.98,19.02,-14.63,11.59,
1783262485.081,17.018,straight_walk,-3.00,-21.28,47.21,0.60,1.02,25.57,0,0.31,-0.15,0.96,20.73,-11.89,9.09,
1783262485.101,17.038,straight_walk,-2.71,-21.39,47.39,0.62,1.00,25.53,0,0.31,-0.12,0.94,22.62,-8.90,7.80,
1783262485.121,17.058,straight_walk,-2.36,-21.44,47.58,0.63,1.02,27.47,0,0.32,-0.11,0.96,25.24,-6.28,8.84,
1783262485.141,17.078,straight_walk,-1.98,-21.45,47.86,0.64,1.04,31.18,0,0.34,-0.10,0.97,28.29,-3.05,12.74,
1783262485.161,17.098,straight_walk,-1.58,-21.39,48.25,0.65,1.05,36.29,0,0.37,-0.10,0.98,31.34,1.59,18.23,
1783262485.181,17.118,straight_walk,-1.23,-21.23,48.74,0.65,1.08,40.65,0,0.39,-0.12,0.99,32.50,7.87,23.11,
1783262485.201,17.138,straight_walk,-0.90,-20.91,49.28,0.67,1.17,43.10,0,0.39,-0.13,1.09,32.07,13.96,25.18,
1783262485.221,17.158,straight_walk,-0.58,-20.47,49.79,0.70,1.22,42.03,0,0.35,-0.09,1.16,29.39,17.80,24.21,
1783262485.241,17.178,straight_walk,-0.27,-20.04,50.17,0.73,1.23,34.54,0,0.35,-0.03,1.18,23.35,17.68,18.29,
1783262485.261,17.198,straight_walk,-0.05,-19.76,50.33,0.74,1.21,23.92,0,0.42,-0.07,1.13,17.32,14.88,7.13,
1783262485.281,17.218,straight_walk,0.13,-19.64,50.15,0.75,1.17,18.31,0,0.46,-0.13,1.06,13.35,9.33,-8.35,
1783262485.301,17.238,straight_walk,0.37,-19.65,49.73,0.75,1.11,23.27,0,0.47,-0.11,1.00,11.52,5.30,-19.51,
1783262485.321,17.258,straight_walk,0.66,-19.80,49.14,0.74,1.04,29.18,0,0.46,-0.05,0.93,8.35,-1.28,-27.93,
1783262485.341,17.278,straight_walk,0.98,-20.06,48.46,0.72,0.99,32.92,0,0.45,0.01,0.88,4.82,-6.28,-31.95,
1783262485.361,17.298,straight_walk,1.32,-20.31,47.76,0.69,0.92,33.78,0,0.40,0.06,0.83,2.01,-7.26,-32.93,
1783262485.381,17.318,straight_walk,1.70,-20.54,47.04,0.66,0.90,34.30,0,0.38,0.12,0.81,-0.30,-7.74,-33.41,
1783262485.401,17.338,straight_walk,2.11,-20.73,46.28,0.63,0.92,35.96,0,0.37,0.17,0.83,-2.62,-7.26,-35.12,
1783262485.421,17.358,straight_walk,2.53,-20.84,45.47,0.60,0.95,38.61,0,0.35,0.19,0.86,-3.23,-6.46,-37.93,
1783262485.441,17.378,straight_walk,2.98,-20.95,44.59,0.58,0.97,41.49,0,0.37,0.17,0.88,-1.16,-6.04,-41.04,
1783262485.461,17.398,straight_walk,3.50,-21.04,43.65,0.56,0.94,43.77,0,0.37,0.16,0.85,2.01,-4.70,-43.48,
1783262485.481,17.418,straight_walk,4.11,-21.12,42.71,0.53,0.92,44.18,0,0.36,0.20,0.83,4.02,-4.33,-43.78,
1783262485.501,17.439,straight_walk,4.72,-21.15,41.82,0.50,0.93,41.42,0,0.35,0.23,0.83,3.23,-3.29,-41.16,
1783262485.521,17.458,straight_walk,5.23,-21.13,41.06,0.48,0.94,35.62,0,0.33,0.25,0.84,0.43,-2.20,-35.55,
1783262485.541,17.478,straight_walk,5.61,-21.05,40.46,0.47,0.93,28.34,0,0.30,0.26,0.84,-3.84,-1.34,-28.05,
1783262485.561,17.498,straight_walk,5.80,-20.93,40.03,0.46,0.92,21.94,0,0.25,0.24,0.85,-8.41,-0.98,-20.24,
1783262485.581,17.518,straight_walk,5.84,-20.78,39.73,0.47,0.91,18.54,0,0.21,0.22,0.86,-12.07,-1.16,-14.02,
1783262485.601,17.538,straight_walk,5.79,-20.63,39.48,0.48,0.91,18.91,0,0.20,0.21,0.87,-15.06,-2.20,-11.22,
1783262485.621,17.559,straight_walk,5.70,-20.53,39.22,0.49,0.92,21.83,0,0.21,0.22,0.87,-17.87,-3.60,-12.01,
1783262485.641,17.578,straight_walk,5.60,-20.46,38.91,0.50,0.92,24.77,0,0.24,0.23,0.86,-20.12,-3.23,-14.09,
1783262485.661,17.598,straight_walk,5.50,-20.38,38.56,0.50,0.91,27.18,0,0.28,0.24,0.83,-21.71,-0.85,-16.34,
1783262485.681,17.618,straight_walk,5.41,-20.28,38.20,0.49,0.92,28.69,0,0.31,0.26,0.83,-22.74,2.80,-17.26,
1783262485.701,17.638,straight_walk,5.32,-20.10,37.87,0.50,0.96,29.50,0,0.32,0.28,0.86,-23.48,7.07,-16.40,
1783262485.721,17.658,straight_walk,5.16,-19.85,37.65,0.50,1.06,27.79,0,0.34,0.29,0.96,-23.29,10.06,-11.34,
1783262485.741,17.678,straight_walk,4.91,-19.59,37.62,0.51,1.16,25.39,0,0.37,0.26,1.07,-22.26,12.01,-2.20,
1783262485.761,17.698,straight_walk,4.55,-19.41,37.84,0.51,1.20,26.15,0,0.44,0.22,1.09,-21.10,12.62,8.90,
1783262485.781,17.718,straight_walk,4.11,-19.20,38.33,0.49,1.11,35.32,0,0.49,0.17,0.98,-19.82,19.45,21.83,
1783262485.801,17.738,straight_walk,3.60,-18.79,39.03,0.48,1.03,47.29,0,0.45,0.14,0.91,-19.33,30.18,30.85,
1783262485.821,17.758,straight_walk,3.00,-18.12,39.78,0.48,1.23,53.20,0,0.43,0.03,1.15,-16.77,38.17,33.05,
1783262485.841,17.778,straight_walk,2.58,-17.33,40.47,0.50,1.48,52.25,0,0.42,-0.12,1.41,-10.24,41.04,30.67,
1783262485.861,17.799,straight_walk,2.28,-16.61,40.96,0.54,1.51,43.41,0,0.46,-0.15,1.44,-7.20,36.83,21.83,
1783262485.881,17.818,straight_walk,1.84,-16.21,41.10,0.57,1.38,26.48,0,0.45,-0.16,1.29,-11.40,23.23,5.61,
1783262485.901,17.838,straight_walk,1.39,-16.24,40.90,0.56,1.16,20.38,0,0.48,-0.13,1.05,-16.65,6.83,-9.57,
1783262485.921,17.858,straight_walk,0.94,-16.46,40.63,0.53,0.99,22.65,0,0.45,-0.11,0.88,-18.41,-0.49,-13.17,
1783262485.941,17.878,straight_walk,0.59,-16.71,40.45,0.50,0.93,16.78,0,0.40,-0.07,0.84,-14.15,-3.72,-8.23,
1783262485.961,17.898,straight_walk,0.48,-16.88,40.49,0.48,0.92,7.33,0,0.34,0.03,0.85,-6.10,-3.54,2.01,
1783262485.981,17.918,straight_walk,0.62,-16.95,40.88,0.47,0.96,20.06,0,0.25,0.12,0.92,5.37,-5.06,18.66,
1783262486.001,17.938,straight_walk,0.86,-17.08,41.64,0.47,0.97,39.30,0,0.24,0.19,0.92,11.83,-9.15,36.34,
1783262486.021,17.958,straight_walk,0.93,-17.40,42.82,0.46,0.95,59.88,0,0.31,0.12,0.89,14.02,-13.66,56.59,
1783262486.041,17.978,straight_walk,0.70,-17.81,44.34,0.44,0.91,75.76,0,0.34,-0.01,0.85,12.74,-15.55,73.05,
1783262486.061,17.998,straight_walk,0.20,-18.27,46.05,0.41,0.93,84.15,0,0.35,-0.16,0.85,12.32,-17.68,81.34,
1783262486.081,18.018,straight_walk,-0.39,-18.64,47.79,0.38,0.93,84.62,0,0.34,-0.22,0.84,12.62,-15.67,82.20,
1783262486.101,18.038,straight_walk,-0.96,-18.91,49.37,0.37,0.96,77.82,0,0.29,-0.26,0.87,12.93,-15.06,75.24,
1783262486.121,18.058,straight_walk,-1.45,-19.10,50.70,0.36,0.95,65.80,0,0.26,-0.27,0.87,13.29,-13.60,62.99,
1783262486.141,18.078,straight_walk,-1.83,-19.16,51.72,0.36,0.92,51.03,0,0.20,-0.28,0.86,14.21,-11.59,47.62,
1783262486.161,18.098,straight_walk,-2.08,-19.18,52.38,0.38,0.88,36.19,0,0.16,-0.28,0.82,15.12,-10.85,31.04,
1783262486.181,18.118,straight_walk,-2.20,-19.18,52.72,0.39,0.86,24.55,0,0.15,-0.27,0.80,16.16,-10.37,15.30,
1783262486.201,18.138,straight_walk,-2.21,-19.18,52.76,0.41,0.82,18.05,0,0.17,-0.25,0.77,16.22,-7.74,1.65,
1783262486.221,18.158,straight_walk,-2.16,-19.11,52.56,0.44,0.79,18.43,0,0.16,-0.23,0.73,15.49,-3.41,-9.39,
1783262486.241,18.178,straight_walk,-2.05,-18.93,52.18,0.47,0.82,23.09,0,0.14,-0.24,0.77,14.33,0.06,-18.11,
1783262486.261,18.198,straight_walk,-1.85,-18.71,51.65,0.51,0.87,28.80,0,0.13,-0.21,0.83,14.15,2.01,-25.00,
1783262486.281,18.218,straight_walk,-1.57,-18.53,50.99,0.55,0.95,34.02,0,0.20,-0.18,0.91,13.29,3.66,-31.10,
1783262486.301,18.238,straight_walk,-1.22,-18.39,50.21,0.57,1.06,38.83,0,0.30,-0.13,1.01,11.46,6.16,-36.59,
1783262486.321,18.258,straight_walk,-0.82,-18.22,49.32,0.57,1.19,44.39,0,0.38,-0.08,1.12,9.15,10.06,-42.26,
1783262486.341,18.278,straight_walk,-0.37,-18.01,48.32,0.57,1.25,50.36,0,0.47,-0.02,1.16,7.20,15.30,-47.44,
1783262486.361,18.298,straight_walk,0.07,-17.69,47.30,0.55,1.18,54.45,0,0.51,0.00,1.07,6.34,24.33,-48.29,
1783262486.381,18.318,straight_walk,0.45,-17.11,46.36,0.56,1.28,55.11,0,0.43,-0.02,1.20,6.10,31.83,-44.57,
1783262486.401,18.338,straight_walk,0.84,-16.36,45.60,0.59,1.41,51.25,0,0.35,0.07,1.37,6.40,35.06,-36.83,
1783262486.421,18.358,straight_walk,1.14,-15.79,44.83,0.63,1.48,47.01,0,0.33,0.10,1.44,4.27,28.11,-37.44,
1783262486.441,18.378,straight_walk,1.47,-15.51,43.92,0.67,1.40,45.98,0,0.40,0.11,1.34,0.67,13.84,-43.84,
1783262486.461,18.398,straight_walk,1.80,-15.56,42.93,0.68,1.25,48.05,0,0.41,0.15,1.17,-2.38,0.24,-47.99,
1783262486.481,18.418,straight_walk,2.12,-15.96,42.00,0.66,1.16,46.29,0,0.49,0.20,1.03,-5.12,-12.32,-44.33,
1783262486.501,18.438,straight_walk,2.38,-16.45,41.28,0.63,1.04,37.95,0,0.47,0.23,0.89,-9.27,-14.45,-33.84,
1783262486.521,18.458,straight_walk,2.42,-16.91,40.76,0.59,0.96,31.22,0,0.43,0.16,0.84,-13.35,-14.09,-24.45,
1783262486.541,18.478,straight_walk,2.26,-17.29,40.29,0.57,0.93,30.20,0,0.38,0.05,0.85,-16.10,-13.17,-21.89,
1783262486.561,18.498,straight_walk,2.07,-17.60,39.71,0.57,0.96,33.80,0,0.34,-0.02,0.90,-14.94,-13.41,-27.20,
1783262486.581,18.518,straight_walk,2.03,-17.84,38.87,0.56,0.96,43.24,0,0.32,-0.01,0.90,-12.13,-11.71,-39.82,
1783262486.601,18.538,straight_walk,2.22,-18.01,37.67,0.54,0.91,58.54,0,0.27,0.06,0.86,-11.04,-10.49,-56.52,
1783262486.621,18.558,straight_walk,2.58,-18.12,36.16,0.50,0.82,73.32,0,0.22,0.12,0.78,-11.77,-11.40,-71.46,
1783262486.641,18.578,straight_walk,3.00,-18.21,34.46,0.46,0.80,82.91,0,0.19,0.16,0.76,-14.33,-12.68,-80.67,
1783262486.661,18.598,straight_walk,3.41,-18.27,32.68,0.42,0.81,86.33,0,0.16,0.17,0.78,-16.52,-14.57,-83.48,
1783262486.681,18.618,straight_walk,3.79,-18.35,30.98,0.38,0.86,83.72,0,0.14,0.19,0.83,-17.01,-17.87,-80.00,
1783262486.701,18.638,straight_walk,4.18,-18.57,29.56,0.35,0.91,72.08,0,0.18,0.27,0.85,-16.77,-23.17,-66.16,
1783262486.721,18.658,straight_walk,4.53,-18.94,28.46,0.31,0.94,58.95,0,0.25,0.33,0.84,-16.71,-25.79,-50.30,
1783262486.741,18.678,straight_walk,4.81,-19.40,27.72,0.27,0.96,44.47,0,0.34,0.36,0.82,-17.13,-23.90,-33.35,
1783262486.761,18.698,straight_walk,5.00,-19.85,27.33,0.22,0.92,30.15,0,0.39,0.34,0.75,-17.13,-18.23,-16.83,
1783262486.781,18.718,straight_walk,5.05,-20.14,27.26,0.18,0.86,19.94,0,0.37,0.31,0.71,-17.50,-9.27,-2.32,
1783262486.801,18.738,straight_walk,5.00,-20.18,27.45,0.16,0.86,20.13,0,0.29,0.32,0.75,-17.80,-2.13,9.15,
1783262486.821,18.758,straight_walk,4.82,-20.08,27.85,0.17,0.89,25.90,0,0.25,0.30,0.80,-17.62,3.11,18.72,
1783262486.841,18.778,straight_walk,4.52,-19.87,28.43,0.19,0.95,31.97,0,0.25,0.25,0.88,-16.52,7.87,26.22,
1783262486.861,18.798,straight_walk,4.12,-19.60,29.10,0.22,1.04,36.39,0,0.29,0.17,0.99,-14.63,12.56,30.85,
1783262486.881,18.818,straight_walk,3.69,-19.30,29.80,0.23,1.12,37.41,0,0.35,0.10,1.06,-11.10,16.34,31.77,
1783262486.901,18.838,straight_walk,3.33,-18.96,30.50,0.24,1.11,39.79,0,0.41,0.09,1.03,-8.35,22.20,31.95,
1783262486.921,18.858,straight_walk,3.01,-18.49,31.21,0.25,1.05,43.79,0,0.40,0.13,0.96,-8.72,28.72,31.89,
1783262486.941,18.878,straight_walk,2.63,-17.84,31.88,0.29,1.29,46.06,0,0.40,0.06,1.23,-8.60,34.09,29.76,
1783262486.961,18.898,straight_walk,2.37,-17.19,32.51,0.35,1.48,44.44,0,0.37,-0.07,1.44,-3.66,34.02,28.35,
1783262486.981,18.918,straight_walk,2.19,-16.63,33.13,0.42,1.49,41.27,0,0.42,-0.09,1.42,0.49,29.51,28.84,
1783262487.001,18.938,straight_walk,1.82,-16.38,33.72,0.46,1.34,31.57,0,0.42,-0.13,1.27,-2.32,15.00,27.68,
1783262487.021,18.958,straight_walk,1.27,-16.75,34.16,0.48,1.23,23.75,0,0.55,-0.23,1.08,-7.80,-7.62,21.10,
1783262487.041,18.978,straight_walk,0.79,-17.40,34.49,0.50,1.20,21.14,0,0.74,-0.18,0.93,-7.01,-11.34,16.40,
1783262487.061,18.998,straight_walk,0.52,-17.78,34.76,0.52,1.11,13.45,0,0.62,-0.07,0.91,-4.33,-2.07,12.56,
1783262487.081,19.018,straight_walk,0.50,-17.84,34.96,0.53,1.06,9.93,0,0.38,0.01,0.99,1.71,0.73,9.76,
1783262487.101,19.038,straight_walk,0.63,-17.81,35.22,0.54,1.06,14.61,0,0.28,0.05,1.02,8.05,-1.16,12.13,
1783262487.121,19.058,straight_walk,0.86,-17.81,35.76,0.53,1.00,29.65,0,0.25,0.10,0.96,14.51,-3.11,25.67,
1783262487.141,19.078,straight_walk,0.99,-17.88,36.75,0.51,0.89,50.57,0,0.23,0.10,0.85,16.10,-5.55,47.62,
1783262487.161,19.098,straight_walk,0.88,-18.09,38.18,0.46,0.79,70.59,0,0.22,0.04,0.75,14.39,-10.55,68.29,
1783262487.181,19.118,straight_walk,0.45,-18.42,39.92,0.42,0.79,84.20,0,0.27,-0.08,0.74,12.38,-13.78,82.13,
1783262487.201,19.138,straight_walk,-0.13,-18.76,41.74,0.38,0.83,89.00,0,0.28,-0.18,0.76,12.99,-14.94,86.77,
1783262487.221,19.158,straight_walk,-0.70,-19.02,43.50,0.36,0.88,86.11,0,0.26,-0.23,0.81,15.24,-15.00,83.41,
1783262487.241,19.178,straight_walk,-1.18,-19.21,45.06,0.34,0.91,77.43,0,0.22,-0.25,0.84,17.50,-15.37,73.84,
1783262487.261,19.198,straight_walk,-1.56,-19.39,46.35,0.34,0.91,65.31,0,0.21,-0.27,0.84,19.15,-16.65,60.18,
1783262487.281,19.218,straight_walk,-1.82,-19.56,47.32,0.34,0.91,52.39,0,0.21,-0.29,0.83,20.55,-15.91,45.49,
1783262487.301,19.238,straight_walk,-1.95,-19.67,47.98,0.35,0.88,39.65,0,0.20,-0.27,0.81,21.40,-12.87,30.79,
1783262487.321,19.258,straight_walk,-1.94,-19.73,48.33,0.35,0.84,28.18,0,0.20,-0.23,0.78,20.79,-10.12,16.10,
1783262487.341,19.279,straight_walk,-1.91,-19.77,48.39,0.37,0.83,19.36,0,0.22,-0.23,0.76,18.17,-6.16,2.56,
1783262487.361,19.298,straight_walk,-1.84,-19.68,48.20,0.40,0.86,18.48,0,0.22,-0.25,0.80,16.16,-0.30,-8.96,
1783262487.381,19.318,straight_walk,-1.68,-19.49,47.81,0.43,0.90,24.11,0,0.21,-0.23,0.84,15.00,3.84,-18.48,
1783262487.401,19.338,straight_walk,-1.43,-19.23,47.24,0.46,0.99,30.95,0,0.24,-0.19,0.94,13.84,8.11,-26.46,
1783262487.421,19.358,straight_walk,-1.07,-18.93,46.50,0.49,1.13,38.94,0,0.32,-0.13,1.07,11.34,13.23,-34.82,
1783262487.441,19.378,straight_walk,-0.66,-18.57,45.65,0.50,1.20,44.60,0,0.37,-0.05,1.14,8.60,18.29,-39.76,
1783262487.461,19.398,straight_walk,-0.24,-18.15,44.74,0.51,1.15,49.90,0,0.42,-0.01,1.07,6.95,24.70,-42.80,
1783262487.481,19.418,straight_walk,0.11,-17.54,43.86,0.53,1.13,53.43,0,0.38,-0.04,1.06,6.46,32.68,-41.77,
1783262487.501,19.438,straight_walk,0.45,-16.73,43.08,0.56,1.33,53.24,0,0.32,-0.02,1.29,6.34,37.50,-37.26,
1783262487.521,19.458,straight_walk,0.76,-16.06,42.32,0.60,1.45,49.42,0,0.31,0.04,1.42,4.51,32.99,-36.52,
1783262487.541,19.478,straight_walk,1.05,-15.69,41.39,0.67,1.55,48.83,0,0.38,0.03,1.50,1.34,18.17,-45.30,
1783262487.561,19.498,straight_walk,1.38,-15.71,40.25,0.71,1.39,54.85,0,0.45,0.09,1.31,-1.22,1.40,-54.82,
1783262487.581,19.518,straight_walk,1.86,-16.13,39.12,0.72,1.23,55.26,0,0.54,0.22,1.08,-1.52,-12.07,-53.90,
1783262487.601,19.538,straight_walk,2.39,-16.61,38.30,0.69,1.08,41.21,0,0.54,0.33,0.88,-2.99,-11.95,-39.33,
1783262487.621,19.558,straight_walk,2.82,-16.96,37.86,0.64,0.94,23.25,0,0.43,0.35,0.75,-7.56,-7.80,-20.55,
1783262487.641,19.578,straight_walk,2.88,-17.25,37.72,0.60,0.87,15.41,0,0.38,0.22,0.76,-12.68,-5.98,-6.40,
1783262487.661,19.598,straight_walk,2.60,-17.46,37.71,0.59,0.93,14.29,0,0.37,0.03,0.85,-13.66,-4.21,-0.12,
1783262487.681,19.618,straight_walk,2.28,-17.57,37.59,0.62,1.05,10.53,0,0.38,-0.11,0.98,-8.72,-2.01,-5.55,
1783262487.701,19.638,straight_walk,2.17,-17.57,37.11,0.63,1.02,23.26,0,0.32,-0.11,0.96,-3.90,0.24,-22.93,
1783262487.721,19.658,straight_walk,2.36,-17.50,36.20,0.62,0.90,43.91,0,0.24,0.00,0.87,-2.44,-0.24,-43.84,
1783262487.741,19.678,straight_walk,2.68,-17.37,34.92,0.58,0.81,60.98,0,0.17,0.06,0.79,-5.30,-1.22,-60.73,
1783262487.761,19.698,straight_walk,3.02,-17.15,33.42,0.53,0.78,72.14,0,0.09,0.10,0.77,-9.63,-3.54,-71.40,
1783262487.781,19.718,straight_walk,3.32,-16.92,31.83,0.47,0.80,77.20,0,0.03,0.12,0.79,-13.72,-7.99,-75.55,
1783262487.801,19.738,straight_walk,3.64,-16.80,30.29,0.41,0.87,75.96,0,0.00,0.17,0.85,-14.63,-14.82,-73.05,
1783262487.821,19.758,straight_walk,3.98,-16.90,28.92,0.37,0.93,69.77,0,0.05,0.25,0.89,-14.45,-22.99,-64.27,
1783262487.841,19.778,straight_walk,4.33,-17.20,27.85,0.32,0.96,58.39,0,0.14,0.32,0.89,-13.23,-27.44,-49.82,
1783262487.861,19.798,straight_walk,4.69,-17.67,27.14,0.28,0.95,42.74,0,0.28,0.36,0.83,-11.89,-26.22,-31.59,
1783262487.881,19.818,straight_walk,5.03,-18.13,26.81,0.23,0.90,27.05,0,0.34,0.38,0.74,-11.10,-20.12,-14.27,
1783262487.901,19.838,straight_walk,5.30,-18.53,26.78,0.20,0.88,17.54,0,0.37,0.39,0.69,-11.65,-13.11,-0.12,
1783262487.921,19.858,straight_walk,5.43,-18.78,27.02,0.20,0.88,18.23,0,0.38,0.37,0.70,-12.93,-4.88,11.89,
1783262487.941,19.878,straight_walk,5.30,-18.83,27.53,0.21,0.95,27.14,0,0.37,0.28,0.82,-12.20,4.39,23.84,
1783262487.961,19.898,straight_walk,5.01,-18.63,28.29,0.23,1.05,37.91,0,0.34,0.19,0.98,-8.66,13.23,34.45,
1783262487.981,19.918,straight_walk,4.66,-18.33,29.19,0.25,1.16,45.31,0,0.34,0.12,1.10,-4.76,17.50,41.52,
1783262488.001,19.938,straight_walk,4.27,-17.95,30.20,0.27,1.18,51.49,0,0.34,0.08,1.13,-3.17,21.83,46.52,
1783262488.021,19.958,straight_walk,3.86,-17.46,31.26,0.28,1.09,55.36,0,0.32,0.07,1.04,-4.39,27.13,48.05,
1783262488.041,19.978,straight_walk,3.40,-16.86,32.21,0.30,1.18,53.67,0,0.29,0.03,1.15,-6.22,30.67,43.60,
1783262488.061,19.998,straight_walk,2.92,-16.19,32.98,0.36,1.42,47.42,0,0.29,-0.10,1.39,-5.55,31.10,35.37,
1783262488.081,20.018,straight_walk,2.73,-15.64,33.56,0.44,1.54,38.73,0,0.33,-0.17,1.49,-1.89,28.72,25.91,
1783262488.101,20.038,straight_walk,2.56,-15.33,33.86,0.52,1.46,21.69,0,0.37,-0.16,1.40,-4.27,16.10,13.90,
1783262488.121,20.058,straight_walk,2.15,-15.53,33.83,0.56,1.22,11.70,0,0.42,-0.16,1.14,-10.37,-5.30,-1.10,
1783262488.141,20.078,straight_walk,1.74,-16.18,33.62,0.57,1.03,24.61,0,0.52,-0.13,0.88,-13.35,-18.23,-9.76,
1783262488.161,20.098,straight_walk,1.54,-16.81,33.42,0.59,1.03,20.87,0,0.54,-0.03,0.87,-8.72,-16.65,-9.09,
1783262488.181,20.118,straight_walk,1.60,-17.27,33.38,0.61,1.07,10.52,0,0.53,0.08,0.92,-1.16,-10.37,-1.40,
1783262488.201,20.138,straight_walk,1.80,-17.48,33.59,0.62,1.07,13.56,0,0.40,0.14,0.98,6.89,-5.49,10.30,
1783262488.221,20.158,straight_walk,2.12,-17.62,34.21,0.62,1.02,33.04,0,0.34,0.20,0.94,14.63,-3.66,29.39,
1783262488.241,20.178,straight_walk,2.31,-17.72,35.37,0.60,0.91,59.01,0,0.28,0.17,0.86,18.60,-3.23,55.91,
1783262488.261,20.198,straight_walk,2.25,-17.87,37.05,0.57,0.83,82.14,0,0.26,0.08,0.79,18.66,-4.27,79.88,
1783262488.281,20.218,straight_walk,1.92,-18.05,39.05,0.53,0.78,97.18,0,0.21,-0.01,0.75,16.59,-7.07,95.49,
1783262488.301,20.238,straight_walk,1.35,-18.22,41.19,0.49,0.83,103.30,0,0.21,-0.14,0.79,16.10,-8.96,101.65,
1783262488.321,20.258,straight_walk,0.74,-18.35,43.23,0.47,0.91,99.91,0,0.18,-0.21,0.86,16.52,-10.91,97.93,
1783262488.341,20.278,straight_walk,0.18,-18.45,45.04,0.45,0.96,88.50,0,0.15,-0.27,0.90,17.32,-13.54,85.73,
1783262488.361,20.299,straight_walk,-0.30,-18.63,46.49,0.45,0.96,73.19,0,0.17,-0.30,0.89,17.80,-17.56,68.78,
1783262488.381,20.318,straight_walk,-0.64,-18.81,47.59,0.46,0.93,58.09,0,0.18,-0.29,0.87,18.84,-17.20,52.20,
1783262488.401,20.338,straight_walk,-0.86,-18.97,48.35,0.46,0.88,42.92,0,0.19,-0.26,0.82,18.48,-15.24,35.61,
1783262488.421,20.358,straight_walk,-0.99,-19.06,48.78,0.47,0.85,28.67,0,0.19,-0.25,0.79,16.77,-11.34,20.30,
1783262488.441,20.378,straight_walk,-1.10,-19.06,48.93,0.49,0.86,18.57,0,0.17,-0.27,0.80,15.55,-7.62,6.71,
1783262488.461,20.398,straight_walk,-1.14,-18.94,48.84,0.52,0.90,15.13,0,0.15,-0.29,0.84,14.15,-3.48,-4.09,
1783262488.481,20.418,straight_walk,-1.09,-18.72,48.55,0.56,0.93,19.82,0,0.11,-0.27,0.89,14.21,-0.98,-13.78,
1783262488.501,20.438,straight_walk,-0.95,-18.53,48.07,0.59,0.97,26.29,0,0.13,-0.24,0.93,12.93,-1.16,-22.87,
1783262488.521,20.458,straight_walk,-0.72,-18.41,47.38,0.63,1.07,34.38,0,0.19,-0.20,1.04,11.16,-1.22,-32.50,
1783262488.541,20.478,straight_walk,-0.36,-18.34,46.47,0.66,1.18,43.91,0,0.29,-0.12,1.14,8.96,0.00,-42.99,
1783262488.561,20.498,straight_walk,0.13,-18.29,45.39,0.67,1.19,52.26,0,0.43,0.01,1.11,7.13,5.67,-51.46,
1783262488.581,20.518,straight_walk,0.61,-18.11,44.26,0.67,1.12,56.47,0,0.49,0.04,1.01,4.88,16.71,-53.72,
1783262488.601,20.538,straight_walk,0.99,-17.62,43.21,0.69,1.21,56.89,0,0.42,-0.01,1.13,4.21,26.46,-50.18,
1783262488.621,20.558,straight_walk,1.38,-16.94,42.33,0.71,1.36,52.24,0,0.33,0.06,1.32,5.12,29.94,-42.50,
1783262488.641,20.578,straight_walk,1.71,-16.48,41.48,0.75,1.46,47.06,0,0.34,0.08,1.41,3.60,22.32,-41.28,
1783262488.661,20.598,straight_walk,2.05,-16.35,40.52,0.80,1.43,46.92,0,0.43,0.10,1.36,1.59,6.34,-46.46,
1783262488.681,20.618,straight_walk,2.47,-16.59,39.51,0.82,1.28,48.51,0,0.50,0.18,1.17,0.61,-7.50,-47.93,
1783262488.701,20.638,straight_walk,2.95,-17.12,38.66,0.82,1.17,43.12,0,0.57,0.25,0.99,0.30,-15.79,-40.12,
1783262488.721,20.658,straight_walk,3.38,-17.65,38.12,0.80,1.06,28.64,0,0.56,0.29,0.85,-2.26,-12.87,-25.49,
1783262488.741,20.678,straight_walk,3.59,-18.00,37.82,0.77,0.97,17.84,0,0.45,0.24,0.83,-7.20,-8.84,-13.72,
1783262488.761,20.698,straight_walk,3.54,-18.25,37.63,0.76,0.96,15.16,0,0.39,0.14,0.86,-10.85,-6.59,-8.29,
1783262488.781,20.718,straight_walk,3.34,-18.42,37.39,0.76,1.00,17.14,0,0.37,0.02,0.93,-11.59,-6.04,-11.10,
1783262488.801,20.738,straight_walk,3.24,-18.45,36.92,0.77,0.99,24.26,0,0.29,-0.01,0.94,-8.54,-4.21,-22.32,
1783262488.821,20.758,straight_walk,3.35,-18.45,36.10,0.74,0.89,39.77,0,0.23,0.04,0.86,-6.46,-5.98,-38.78,
1783262488.841,20.778,straight_walk,3.63,-18.45,34.98,0.71,0.81,53.46,0,0.20,0.10,0.78,-6.65,-7.99,-52.44,
1783262488.861,20.798,straight_walk,4.02,-18.44,33.68,0.65,0.77,62.50,0,0.17,0.15,0.74,-9.39,-8.78,-61.16,
1783262488.881,20.818,straight_walk,4.36,-18.34,32.35,0.60,0.79,64.55,0,0.12,0.17,0.76,-12.01,-8.84,-62.80,
1783262488.901,20.838,straight_walk,4.67,-18.24,31.08,0.54,0.83,62.30,0,0.09,0.19,0.80,-13.29,-12.20,-59.63,
1783262488.921,20.858,straight_walk,4.96,-18.27,29.99,0.49,0.87,54.90,0,0.11,0.24,0.83,-14.09,-17.07,-50.24,
1783262488.941,20.878,straight_walk,5.20,-18.47,29.19,0.44,0.92,44.32,0,0.19,0.30,0.85,-15.18,-19.88,-36.59,
1783262488.961,20.898,straight_walk,5.36,-18.78,28.70,0.39,0.91,32.66,0,0.28,0.32,0.81,-15.79,-18.60,-21.71,
1783262488.981,20.918,straight_walk,5.44,-19.08,28.51,0.35,0.87,22.19,0,0.33,0.31,0.75,-16.34,-12.87,-7.74,
1783262489.001,20.938,straight_walk,5.43,-19.28,28.56,0.31,0.83,18.19,0,0.33,0.29,0.71,-17.20,-5.24,2.74,
1783262489.021,20.958,straight_walk,5.31,-19.35,28.78,0.29,0.83,20.33,0,0.34,0.26,0.71,-17.44,2.01,10.24,
1783262489.041,20.978,straight_walk,5.07,-19.22,29.12,0.27,0.91,23.86,0,0.31,0.22,0.82,-16.04,8.60,15.43,
1783262489.061,20.998,straight_walk,4.76,-18.91,29.56,0.26,1.03,27.51,0,0.27,0.17,0.97,-12.99,14.15,19.70,
1783262489.081,21.018,straight_walk,4.45,-18.53,30.02,0.27,1.16,27.73,0,0.29,0.10,1.12,-9.09,16.10,20.67,
1783262489.101,21.038,straight_walk,4.18,-18.19,30.50,0.30,1.23,27.59,0,0.34,0.10,1.18,-6.28,16.40,21.28,
1783262489.121,21.058,straight_walk,3.92,-17.83,31.02,0.33,1.16,32.28,0,0.38,0.10,1.09,-6.34,21.16,23.54,
1783262489.141,21.078,straight_walk,3.60,-17.37,31.54,0.37,1.25,34.45,0,0.36,0.07,1.19,-7.80,24.33,23.11,
1783262489.161,21.098,straight_walk,3.24,-16.83,32.02,0.44,1.44,34.54,0,0.37,-0.02,1.39,-6.52,26.46,21.22,
1783262489.181,21.118,straight_walk,3.03,-16.32,32.46,0.53,1.51,33.17,0,0.45,-0.08,1.44,-3.90,26.59,19.45,
1783262489.201,21.138,straight_walk,2.66,-16.02,32.81,0.62,1.44,25.44,0,0.47,-0.10,1.36,-6.59,18.78,15.85,
1783262489.221,21.158,straight_walk,2.18,-16.14,32.93,0.68,1.25,13.18,0,0.46,-0.16,1.15,-11.89,-0.30,5.67,
1783262489.241,21.178,straight_walk,1.72,-16.74,32.86,0.70,1.05,18.41,0,0.58,-0.14,0.86,-12.74,-12.99,-2.80,
1783262489.261,21.198,straight_walk,1.47,-17.38,32.71,0.71,0.96,16.27,0,0.61,-0.02,0.73,-11.46,-9.39,-6.71,
1783262489.281,21.218,straight_walk,1.46,-17.79,32.63,0.72,0.98,7.95,0,0.57,0.08,0.79,-6.52,-2.32,-3.90,
1783262489.301,21.238,straight_walk,1.53,-17.78,32.72,0.73,1.03,6.78,0,0.39,0.11,0.94,0.06,5.55,3.90,
1783262489.321,21.258,straight_walk,1.78,-17.71,33.10,0.73,1.09,21.27,0,0.28,0.16,1.04,11.16,1.46,18.05,
1783262489.341,21.278,straight_walk,2.04,-17.66,34.00,0.72,1.06,46.87,0,0.24,0.20,1.02,17.50,-0.85,43.48,
1783262489.361,21.298,straight_walk,2.08,-17.74,35.48,0.70,0.95,73.44,0,0.23,0.12,0.92,19.21,-5.49,70.67,
1783262489.381,21.318,straight_walk,1.80,-18.08,37.36,0.68,0.86,92.04,0,0.28,-0.00,0.82,16.16,-12.44,89.76,
1783262489.401,21.338,straight_walk,1.23,-18.52,39.39,0.67,0.86,99.40,0,0.34,-0.13,0.78,14.33,-14.70,97.26,
1783262489.421,21.358,straight_walk,0.55,-18.95,41.36,0.67,0.92,95.93,0,0.37,-0.24,0.81,14.76,-14.21,93.72,
1783262489.441,21.378,straight_walk,-0.06,-19.23,43.10,0.68,0.95,84.45,0,0.33,-0.27,0.85,15.79,-11.65,82.13,
1783262489.461,21.398,straight_walk,-0.53,-19.41,44.50,0.68,0.91,68.90,0,0.29,-0.26,0.83,16.59,-10.18,66.10,
1783262489.481,21.418,straight_walk,-0.88,-19.49,45.56,0.68,0.87,53.59,0,0.24,-0.23,0.80,16.40,-8.11,50.37,
1783262489.501,21.438,straight_walk,-1.12,-19.43,46.34,0.67,0.83,40.22,0,0.18,-0.23,0.77,16.22,-4.57,36.52,
1783262489.521,21.458,straight_walk,-1.26,-19.27,46.86,0.65,0.79,29.45,0,0.12,-0.21,0.75,16.16,-2.93,24.45,
1783262489.541,21.478,straight_walk,-1.31,-19.03,47.17,0.64,0.80,21.43,0,0.08,-0.20,0.78,15.79,-1.65,14.39,
1783262489.561,21.498,straight_walk,-1.26,-18.80,47.25,0.64,0.88,16.11,0,0.08,-0.19,0.85,15.37,-2.68,4.02,
1783262489.581,21.518,straight_walk,-1.18,-18.68,47.18,0.65,0.95,14.84,0,0.13,-0.19,0.92,13.48,-5.12,-3.54,
1783262489.601,21.538,straight_walk,-1.09,-18.69,46.96,0.67,1.05,16.64,0,0.24,-0.20,1.00,11.22,-6.10,-10.67,
1783262489.621,21.558,straight_walk,-1.00,-18.75,46.59,0.71,1.14,20.57,0,0.30,-0.20,1.08,8.48,-6.04,-17.74,
1783262489.641,21.578,straight_walk,-0.89,-18.87,46.12,0.75,1.22,23.54,0,0.43,-0.18,1.13,6.40,-3.90,-22.32,
1783262489.661,21.598,straight_walk,-0.69,-18.97,45.56,0.79,1.19,26.79,0,0.50,-0.11,1.07,6.04,1.89,-26.04,
1783262489.681,21.618,straight_walk,-0.39,-18.84,45.00,0.80,1.05,30.61,0,0.46,-0.02,0.95,6.95,13.84,-26.40,
1783262489.701,21.638,straight_walk,-0.09,-18.41,44.53,0.81,1.01,34.73,0,0.37,-0.03,0.94,9.27,25.00,-22.26,
1783262489.721,21.658,straight_walk,0.24,-17.58,44.20,0.82,1.19,39.88,0,0.23,-0.02,1.17,12.07,34.57,-15.79,
1783262489.741,21.678,straight_walk,0.60,-16.77,43.90,0.83,1.33,36.41,0,0.17,0.06,1.32,11.89,31.34,-14.21,
1783262489.761,21.698,straight_walk,0.93,-16.21,43.45,0.86,1.39,31.21,0,0.22,0.05,1.37,8.96,20.43,-21.83,
1783262489.781,21.718,straight_walk,1.25,-15.99,42.78,0.89,1.32,34.02,0,0.33,0.05,1.28,5.61,9.02,-32.32,
1783262489.801,21.738,straight_walk,1.58,-16.12,41.93,0.91,1.21,40.91,0,0.40,0.08,1.13,2.32,-3.72,-40.67,
1783262489.821,21.758,straight_walk,1.95,-16.61,41.06,0.91,1.12,44.60,0,0.50,0.17,0.99,-1.16,-15.91,-41.65,
1783262489.841,21.778,straight_walk,2.29,-17.19,40.41,0.90,1.05,34.68,0,0.54,0.23,0.87,-5.00,-16.10,-30.30,
1783262489.861,21.798,straight_walk,2.41,-17.69,40.09,0.89,0.98,21.61,0,0.50,0.18,0.82,-8.96,-12.56,-15.12,
1783262489.881,21.818,straight_walk,2.31,-18.03,39.97,0.88,0.97,15.54,0,0.41,0.09,0.87,-10.79,-9.94,-5.12,
1783262489.901,21.838,straight_walk,2.11,-18.27,39.86,0.89,1.03,14.37,0,0.37,0.01,0.96,-10.24,-8.78,-4.94,
1783262489.921,21.858,straight_walk,1.99,-18.42,39.52,0.90,1.06,18.68,0,0.35,-0.04,1.00,-6.59,-7.62,-15.73,
1783262489.941,21.878,straight_walk,2.12,-18.47,38.79,0.90,0.97,34.97,0,0.28,0.00,0.93,-3.11,-5.55,-34.39,
1783262489.961,21.898,straight_walk,2.47,-18.48,37.69,0.87,0.86,52.26,0,0.22,0.06,0.82,-1.83,-5.37,-51.95,
1783262489.981,21.918,straight_walk,2.91,-18.41,36.34,0.82,0.78,64.22,0,0.18,0.09,0.76,-3.11,-4.88,-63.96,
1783262490.001,21.938,straight_walk,3.38,-18.27,34.87,0.77,0.78,69.78,0,0.12,0.11,0.76,-4.76,-5.61,-69.39,
1783262490.021,21.958,straight_walk,3.85,-18.11,33.41,0.72,0.82,70.01,0,0.08,0.15,0.81,-5.91,-8.78,-69.21,
1783262490.041,21.978,straight_walk,4.32,-18.02,32.10,0.66,0.88,63.16,0,0.07,0.22,0.85,-7.01,-13.29,-61.34,
1783262490.061,21.999,straight_walk,4.74,-18.06,31.07,0.60,0.92,51.44,0,0.10,0.29,0.86,-8.84,-17.32,-47.62,
1783262490.081,22.018,straight_walk,5.07,-18.21,30.39,0.54,0.95,38.32,0,0.15,0.34,0.87,-10.85,-19.39,-31.22,
1783262490.101,22.038,straight_walk,5.24,-18.47,30.06,0.50,0.96,25.57,0,0.27,0.33,0.86,-13.17,-16.52,-14.39,
1783262490.121,22.058,straight_walk,5.27,-18.72,30.02,0.47,0.92,18.33,0,0.33,0.31,0.80,-15.18,-10.24,-0.79,
1783262490.141,22.078,straight_walk,5.18,-18.80,30.21,0.43,0.87,19.14,0,0.30,0.28,0.77,-16.52,-1.65,9.51,
1783262490.161,22.098,straight_walk,4.98,-18.71,30.55,0.40,0.89,23.41,0,0.26,0.25,0.81,-16.89,4.15,15.67,
1783262490.181,22.118,straight_walk,4.67,-18.52,30.95,0.37,0.94,25.08,0,0.23,0.18,0.90,-15.67,6.65,18.41,
1783262490.201,22.138,straight_walk,4.34,-18.28,31.36,0.36,1.05,23.68,0,0.23,0.12,1.02,-12.01,7.68,18.90,
1783262490.221,22.158,straight_walk,4.07,-18.10,31.75,0.37,1.14,21.14,0,0.28,0.11,1.10,-9.09,6.22,18.05,
1783262490.241,22.178,straight_walk,3.82,-18.01,32.15,0.39,1.15,20.77,0,0.35,0.11,1.10,-8.17,5.06,18.41,
1783262490.261,22.198,straight_walk,3.58,-17.95,32.58,0.41,1.08,24.45,0,0.41,0.14,0.99,-9.88,9.39,20.30,
1783262490.281,22.218,straight_walk,3.29,-17.72,33.02,0.44,1.14,28.55,0,0.41,0.15,1.06,-12.80,16.22,19.70,
1783262490.301,22.238,straight_walk,2.92,-17.27,33.43,0.51,1.48,32.38,0,0.40,0.02,1.42,-12.13,23.66,18.48,
1783262490.321,22.258,straight_walk,2.66,-16.76,33.82,0.61,1.54,32.25,0,0.46,-0.09,1.47,-7.20,26.40,17.07,
1783262490.341,22.278,straight_walk,2.30,-16.44,34.13,0.69,1.40,25.69,0,0.49,-0.11,1.31,-6.40,20.55,14.02,
1783262490.361,22.298,straight_walk,1.91,-16.48,34.30,0.73,1.17,12.67,0,0.46,-0.13,1.07,-8.35,5.18,7.99,
1783262490.381,22.318,straight_walk,1.53,-16.88,34.36,0.75,0.99,11.46,0,0.50,-0.11,0.85,-8.90,-6.65,2.80,
1783262490.401,22.338,straight_walk,1.32,-17.33,34.40,0.76,0.97,12.21,0,0.48,-0.03,0.84,-6.59,-10.06,2.13,
1783262490.421,22.358,straight_walk,1.27,-17.57,34.55,0.77,1.07,9.59,0,0.42,0.04,0.98,-1.16,-6.10,7.32,
1783262490.441,22.378,straight_walk,1.35,-17.61,34.89,0.77,1.08,18.18,0,0.26,0.11,1.05,4.88,-5.43,16.65,
1783262490.461,22.398,straight_walk,1.47,-17.76,35.49,0.77,1.07,31.69,0,0.25,0.14,1.03,8.23,-11.22,28.48,
1783262490.481,22.418,straight_walk,1.38,-18.03,36.41,0.76,1.01,47.16,0,0.30,0.07,0.96,6.89,-13.78,44.57,
1783262490.501,22.438,straight_walk,1.03,-18.40,37.67,0.75,0.91,62.60,0,0.29,-0.02,0.87,4.21,-16.71,60.18,
1783262490.521,22.458,straight_walk,0.42,-18.85,39.13,0.73,0.86,71.83,0,0.32,-0.12,0.79,1.28,-18.29,69.45,
1783262490.541,22.478,straight_walk,-0.35,-19.31,40.63,0.72,0.86,73.35,0,0.35,-0.20,0.76,0.61,-17.80,71.16,
1783262490.561,22.498,straight_walk,-1.15,-19.72,42.01,0.73,0.89,66.81,0,0.39,-0.27,0.75,2.32,-14.45,65.18,
1783262490.581,22.518,straight_walk,-1.80,-19.97,43.17,0.73,0.89,55.19,0,0.37,-0.27,0.76,5.18,-8.96,54.21,
1783262490.601,22.538,straight_walk,-2.25,-20.02,44.06,0.73,0.84,43.04,0,0.29,-0.23,0.75,8.35,-3.54,42.07,
1783262490.621,22.558,straight_walk,-2.50,-19.86,44.72,0.71,0.82,32.54,0,0.21,-0.19,0.77,10.37,1.71,30.79,
1783262490.641,22.578,straight_walk,-2.64,-19.55,45.15,0.69,0.82,23.75,0,0.12,-0.19,0.79,11.34,3.29,20.61,
1783262490.661,22.598,straight_walk,-2.70,-19.16,45.40,0.68,0.87,17.32,0,0.07,-0.20,0.84,12.13,3.78,11.77,
1783262490.681,22.618,straight_walk,-2.70,-18.83,45.47,0.67,0.88,13.19,0,0.08,-0.20,0.85,12.50,2.26,3.54,
1783262490.701,22.638,straight_walk,-2.67,-18.56,45.39,0.67,0.88,12.34,0,0.10,-0.21,0.85,11.71,1.52,-3.60,
1783262490.721,22.658,straight_walk,-2.66,-18.34,45.19,0.69,0.92,14.66,0,0.13,-0.25,0.88,10.79,0.98,-9.88,
1783262490.741,22.678,straight_walk,-2.59,-18.17,44.85,0.71,0.98,19.00,0,0.16,-0.24,0.94,10.18,0.49,-16.04,
1783262490.761,22.698,straight_walk,-2.46,-18.09,44.34,0.74,1.05,26.18,0,0.21,-0.23,1.00,9.45,-2.01,-24.33,
1783262490.781,22.718,straight_walk,-2.19,-18.14,43.58,0.77,1.10,37.73,0,0.27,-0.18,1.05,9.57,-4.51,-36.22,
1783262490.801,22.738,straight_walk,-1.69,-18.23,42.63,0.78,1.11,46.75,0,0.34,-0.05,1.06,10.98,-3.54,-45.30,
1783262490.821,22.758,straight_walk,-1.03,-18.28,41.64,0.77,1.07,48.31,0,0.37,0.08,1.00,11.59,1.04,-46.89,
1783262490.841,22.778,straight_walk,-0.43,-18.21,40.80,0.75,1.07,42.18,0,0.39,0.09,0.99,11.34,7.44,-39.94,
1783262490.861,22.798,straight_walk,0.03,-17.91,40.24,0.77,1.33,32.32,0,0.38,0.05,1.28,12.07,14.09,-26.46,
1783262490.881,22.818,straight_walk,0.36,-17.63,40.04,0.81,1.56,21.23,0,0.40,0.12,1.50,13.17,13.66,-9.51,
1783262490.901,22.838,straight_walk,0.60,-17.40,39.98,0.86,1.53,16.28,0,0.53,0.18,1.43,11.04,11.65,-2.74,
1783262490.921,22.858,straight_walk,0.87,-17.40,39.91,0.89,1.29,13.55,0,0.62,0.13,1.13,6.52,11.34,-3.54,
1783262490.941,22.878,straight_walk,1.01,-17.40,39.85,0.90,1.07,13.14,0,0.53,0.07,0.93,2.80,12.50,-2.93,
1783262490.961,22.898,straight_walk,1.00,-17.45,39.81,0.90,0.99,7.67,0,0.45,0.01,0.89,-0.55,7.26,-2.44,
1783262490.981,22.918,straight_walk,0.90,-17.53,39.76,0.92,1.03,3.04,0,0.38,-0.05,0.96,-1.95,0.24,-2.32,
1783262491.001,22.938,straight_walk,0.81,-17.63,39.76,0.93,1.06,5.11,0,0.31,-0.06,1.01,-0.67,-5.06,0.06,
1783262491.021,22.958,straight_walk,0.79,-17.79,39.71,0.93,1.04,10.84,0,0.27,-0.01,1.01,-0.24,-10.61,-2.20,
1783262491.041,22.978,straight_walk,0.82,-18.00,39.43,0.93,1.00,18.26,0,0.28,0.01,0.95,-2.62,-12.56,-12.99,
1783262491.061,22.998,straight_walk,0.91,-18.23,38.80,0.92,0.94,32.48,0,0.29,0.01,0.90,-4.39,-12.26,-29.76,
1783262491.081,23.018,straight_walk,1.17,-18.43,37.78,0.90,0.90,49.70,0,0.28,0.03,0.86,-4.02,-11.04,-48.29,
1783262491.101,23.038,straight_walk,1.63,-18.59,36.44,0.86,0.84,64.40,0,0.26,0.09,0.80,-2.99,-10.06,-63.54,
1783262491.121,23.058,straight_walk,2.22,-18.72,34.90,0.83,0.84,72.99,0,0.25,0.13,0.80,-2.13,-10.55,-72.20,
1783262491.141,23.078,straight_walk,2.89,-18.83,33.36,0.79,0.89,73.71,0,0.25,0.18,0.83,-1.34,-11.04,-72.87,
1783262491.161,23.098,straight_walk,3.55,-18.98,31.99,0.75,0.95,65.83,0,0.26,0.24,0.88,-1.10,-13.35,-64.45,
1783262491.181,23.118,straight_walk,4.16,-19.20,30.96,0.71,0.96,50.43,0,0.29,0.30,0.86,-1.46,-15.61,-47.93,
1783262491.201,23.138,straight_walk,4.68,-19.48,30.35,0.67,0.93,31.76,0,0.32,0.35,0.80,-3.48,-15.18,-27.68,
1783262491.221,23.158,straight_walk,5.05,-19.72,30.15,0.62,0.89,15.37,0,0.32,0.37,0.74,-6.89,-10.85,-8.41,
1783262491.241,23.178,straight_walk,5.20,-19.83,30.28,0.58,0.85,12.76,0,0.29,0.33,0.73,-9.88,-4.76,6.52,
1783262491.261,23.198,straight_walk,5.14,-19.77,30.65,0.53,0.82,20.99,0,0.23,0.27,0.74,-11.65,0.85,17.44,
1783262491.281,23.218,straight_walk,4.94,-19.59,31.19,0.48,0.83,28.17,0,0.20,0.21,0.77,-11.59,5.61,25.06,
1783262491.301,23.238,straight_walk,4.68,-19.33,31.77,0.44,0.84,30.19,0,0.18,0.18,0.80,-11.28,7.80,26.89,
1783262491.321,23.258,straight_walk,4.40,-19.09,32.30,0.40,0.88,27.37,0,0.19,0.14,0.85,-10.55,7.80,24.02,
1783262491.341,23.279,straight_walk,4.13,-18.89,32.69,0.39,0.97,21.28,0,0.26,0.10,0.93,-8.78,7.38,17.93,
1783262491.361,23.298,straight_walk,3.92,-18.74,32.97,0.40,1.11,16.28,0,0.33,0.09,1.05,-7.01,7.32,12.74,
1783262491.381,23.318,straight_walk,3.68,-18.64,33.22,0.43,1.22,14.75,0,0.40,0.06,1.16,-6.89,6.10,11.52,
1783262491.401,23.338,straight_walk,3.39,-18.57,33.55,0.47,1.22,19.06,0,0.44,0.05,1.13,-8.41,7.74,15.24,
1783262491.421,23.358,straight_walk,3.06,-18.38,33.97,0.50,1.13,25.49,0,0.41,0.07,1.05,-10.55,13.29,19.02,
1783262491.441,23.378,straight_walk,2.72,-17.97,34.37,0.53,1.22,28.82,0,0.34,0.06,1.17,-10.85,19.45,18.29,
1783262491.461,23.398,straight_walk,2.39,-17.46,34.67,0.57,1.32,28.42,0,0.34,0.01,1.28,-10.06,23.29,12.80,
1783262491.481,23.418,straight_walk,2.13,-16.89,34.84,0.63,1.32,28.49,0,0.34,-0.03,1.28,-6.95,26.71,7.07,
1783262491.501,23.438,straight_walk,1.91,-16.41,34.88,0.67,1.27,23.26,0,0.32,-0.04,1.23,-6.65,22.26,1.22,
1783262491.521,23.458,straight_walk,1.68,-16.22,34.80,0.70,1.15,12.86,0,0.32,-0.05,1.10,-7.99,9.27,-3.96,
1783262491.541,23.478,straight_walk,1.44,-16.47,34.69,0.71,1.02,11.71,0,0.39,-0.06,0.94,-8.54,-6.22,-5.06,
1783262491.561,23.498,straight_walk,1.32,-17.01,34.67,0.72,0.97,13.37,0,0.50,-0.01,0.83,-4.15,-12.68,-0.79,
1783262491.581,23.518,straight_walk,1.37,-17.50,34.85,0.73,1.02,13.81,0,0.53,0.06,0.87,2.44,-10.43,8.72,
1783262491.601,23.538,straight_walk,1.54,-17.68,35.32,0.74,1.03,25.21,0,0.38,0.11,0.95,10.49,-4.09,22.56,
1783262491.621,23.558,straight_walk,1.77,-17.71,36.11,0.73,1.06,41.45,0,0.26,0.14,1.01,16.89,-4.21,37.62,
1783262491.641,23.578,straight_walk,1.90,-17.84,37.25,0.73,1.07,58.30,0,0.28,0.12,1.03,18.90,-7.56,54.63,
1783262491.661,23.598,straight_walk,1.79,-18.06,38.73,0.73,0.99,73.47,0,0.29,0.04,0.95,16.65,-9.57,70.91,
1783262491.681,23.619,straight_walk,1.38,-18.38,40.44,0.72,0.91,83.07,0,0.31,-0.09,0.86,13.11,-11.95,81.16,
1783262491.701,23.638,straight_walk,0.77,-18.74,42.17,0.71,0.91,85.02,0,0.33,-0.20,0.83,12.01,-13.66,83.05,
1783262491.721,23.658,straight_walk,0.16,-19.07,43.83,0.72,0.93,80.89,0,0.36,-0.25,0.82,13.54,-12.01,78.84,
1783262491.741,23.678,straight_walk,-0.24,-19.23,45.27,0.71,0.90,70.36,0,0.30,-0.19,0.82,16.28,-7.44,68.05,
1783262491.761,23.698,straight_walk,-0.49,-19.26,46.47,0.70,0.90,59.03,0,0.24,-0.15,0.86,16.77,-5.98,56.28,
1783262491.781,23.718,straight_walk,-0.68,-19.20,47.42,0.68,0.90,47.84,0,0.17,-0.15,0.87,15.79,-6.04,44.76,
1783262491.801,23.738,straight_walk,-0.84,-19.10,48.14,0.67,0.91,38.10,0,0.12,-0.19,0.88,15.67,-7.26,33.96,
1783262491.821,23.758,straight_walk,-0.95,-19.02,48.66,0.67,0.93,30.69,0,0.12,-0.22,0.90,16.10,-8.54,24.70,
1783262491.841,23.778,straight_walk,-1.01,-19.04,49.00,0.68,0.93,24.61,0,0.17,-0.22,0.89,15.91,-9.76,16.04,
1783262491.861,23.798,straight_walk,-1.05,-19.11,49.18,0.69,0.89,18.92,0,0.22,-0.22,0.83,14.88,-8.48,8.05,
1783262491.881,23.818,straight_walk,-1.10,-19.17,49.20,0.71,0.88,14.19,0,0.26,-0.24,0.81,13.29,-4.82,1.16,
1783262491.901,23.838,straight_walk,-1.13,-19.14,49.10,0.72,0.90,12.36,0,0.25,-0.23,0.83,11.34,-1.22,-4.76,
1783262491.921,23.859,straight_walk,-1.10,-19.01,48.88,0.74,0.93,14.08,0,0.23,-0.19,0.88,9.27,1.52,-10.49,
1783262491.941,23.878,straight_walk,-1.03,-18.85,48.51,0.76,1.03,18.94,0,0.24,-0.17,0.98,6.65,2.87,-17.50,
1783262491.961,23.898,straight_walk,-0.87,-18.73,47.93,0.79,1.14,28.31,0,0.29,-0.15,1.09,5.37,2.50,-27.68,
1783262491.981,23.918,straight_walk,-0.57,-18.60,47.14,0.82,1.17,38.30,0,0.35,-0.08,1.11,5.98,5.85,-37.38,
1783262492.001,23.938,straight_walk,-0.17,-18.37,46.25,0.83,1.12,44.46,0,0.37,-0.02,1.06,7.20,13.05,-41.89,
1783262492.021,23.958,straight_walk,0.24,-17.95,45.40,0.85,1.23,45.09,0,0.33,-0.03,1.19,8.41,18.78,-40.12,
1783262492.041,23.978,straight_walk,0.69,-17.40,44.69,0.88,1.36,41.14,0,0.28,0.09,1.33,9.02,21.77,-33.72,
1783262492.061,23.998,straight_walk,1.11,-16.97,44.08,0.90,1.39,35.24,0,0.34,0.15,1.34,6.22,18.23,-29.51,
1783262492.081,24.018,straight_walk,1.41,-16.73,43.43,0.95,1.43,33.86,0,0.43,0.09,1.36,3.05,12.44,-31.34,
1783262492.102,24.039,straight_walk,1.69,-16.70,42.72,0.99,1.32,33.95,0,0.44,0.07,1.24,1.89,3.48,-33.72,
1783262492.121,24.058,straight_walk,1.95,-16.96,42.00,1.00,1.12,35.39,0,0.45,0.08,1.02,0.06,-7.26,-34.63,
1783262492.141,24.078,straight_walk,2.17,-17.45,41.33,0.99,0.98,34.73,0,0.47,0.09,0.85,-2.38,-13.96,-31.71,
1783262492.161,24.098,straight_walk,2.26,-17.94,40.78,0.97,0.87,29.69,0,0.42,0.05,0.76,-5.49,-14.21,-25.49,
1783262492.181,24.118,straight_walk,2.27,-18.31,40.32,0.95,0.85,26.83,0,0.33,0.04,0.78,-7.32,-14.70,-21.22,
1783262492.201,24.138,straight_walk,2.27,-18.56,39.84,0.93,0.90,28.36,0,0.28,0.06,0.86,-9.63,-14.02,-22.68,
1783262492.221,24.158,straight_walk,2.31,-18.80,39.15,0.92,1.00,37.05,0,0.28,0.07,0.95,-11.04,-15.30,-31.89,
1783262492.241,24.178,straight_walk,2.47,-19.04,38.12,0.91,1.05,51.75,0,0.32,0.08,0.99,-11.10,-15.49,-48.11,
1783262492.261,24.198,straight_walk,2.81,-19.24,36.74,0.90,0.98,66.80,0,0.31,0.12,0.92,-10.00,-13.29,-64.70,
1783262492.281,24.218,straight_walk,3.30,-19.44,35.11,0.87,0.90,77.88,0,0.30,0.14,0.84,-8.84,-13.35,-76.22,
1783262492.301,24.238,straight_walk,3.87,-19.61,33.39,0.84,0.87,82.10,0,0.30,0.16,0.80,-8.11,-12.56,-80.73,
1783262492.321,24.258,straight_walk,4.46,-19.75,31.73,0.80,0.90,78.72,0,0.30,0.20,0.82,-7.74,-12.62,-77.32,
1783262492.341,24.278,straight_walk,5.03,-19.88,30.28,0.76,0.92,69.64,0,0.28,0.26,0.84,-8.90,-14.09,-67.62,
1783262492.361,24.298,straight_walk,5.51,-20.04,29.12,0.72,0.93,56.57,0,0.27,0.30,0.83,-10.12,-15.85,-53.35,
1783262492.381,24.318,straight_walk,5.88,-20.21,28.29,0.68,0.91,42.63,0,0.26,0.31,0.81,-11.52,-16.40,-37.62,
1783262492.401,24.338,straight_walk,6.13,-20.42,27.76,0.63,0.90,30.88,0,0.26,0.31,0.80,-12.13,-15.98,-23.48,
1783262492.421,24.358,straight_walk,6.27,-20.61,27.48,0.59,0.89,21.43,0,0.29,0.29,0.79,-12.13,-13.11,-11.83,
1783262492.441,24.378,straight_walk,6.33,-20.77,27.37,0.55,0.85,16.24,0,0.29,0.28,0.75,-12.93,-9.02,-3.90,
1783262492.461,24.398,straight_walk,6.33,-20.78,27.39,0.51,0.87,14.97,0,0.27,0.30,0.77,-14.63,-2.99,1.04,
1783262492.481,24.418,straight_walk,6.25,-20.68,27.43,0.48,0.89,16.85,0,0.25,0.29,0.80,-16.71,0.85,2.01,
1783262492.501,24.438,straight_walk,6.08,-20.52,27.49,0.45,0.93,18.15,0,0.25,0.25,0.86,-17.68,3.41,2.26,
1783262492.521,24.458,straight_walk,5.87,-20.38,27.54,0.44,1.00,17.39,0,0.30,0.21,0.93,-16.65,4.51,2.20,
1783262492.541,24.478,straight_walk,5.61,-20.24,27.68,0.45,1.10,18.45,0,0.36,0.20,1.02,-16.16,6.77,5.79,
1783262492.561,24.498,straight_walk,5.29,-20.13,27.96,0.48,1.17,22.55,0,0.46,0.19,1.06,-16.52,9.63,11.95,
1783262492.581,24.518,straight_walk,4.90,-19.92,28.35,0.52,1.20,28.98,0,0.48,0.18,1.09,-17.62,15.49,17.01,
1783262492.601,24.538,straight_walk,4.45,-19.52,28.79,0.57,1.34,32.65,0,0.43,0.12,1.26,-16.40,20.98,18.90,
1783262492.621,24.558,straight_walk,4.06,-19.06,29.22,0.65,1.53,32.89,0,0.46,0.01,1.46,-12.26,24.21,18.60,
1783262492.641,24.578,straight_walk,3.77,-18.59,29.65,0.75,1.54,31.99,0,0.51,-0.03,1.45,-7.07,25.00,18.66,
1783262492.661,24.598,straight_walk,3.42,-18.25,30.02,0.82,1.38,27.94,0,0.49,-0.01,1.29,-7.99,21.16,16.40,
1783262492.681,24.618,straight_walk,3.03,-18.08,30.29,0.84,1.08,21.63,0,0.42,-0.01,1.00,-11.89,13.60,11.89,
1783262492.701,24.638,straight_walk,2.66,-18.14,30.44,0.82,0.84,16.26,0,0.36,0.01,0.76,-13.84,4.94,6.95,
1783262492.721,24.658,straight_walk,2.39,-18.34,30.51,0.77,0.72,12.84,0,0.32,0.02,0.64,-12.32,-1.34,3.35,
1783262492.741,24.678,straight_walk,2.25,-18.57,30.61,0.73,0.76,10.66,0,0.31,0.05,0.69,-7.44,-5.67,5.12,
1783262492.761,24.698,straight_walk,2.22,-18.72,30.96,0.72,0.90,16.86,0,0.33,0.09,0.83,0.55,-3.84,16.40,
1783262492.782,24.719,straight_walk,2.32,-18.73,31.71,0.70,0.99,37.20,0,0.25,0.14,0.95,10.73,-3.72,35.43,
1783262492.801,24.738,straight_walk,2.37,-18.83,32.92,0.70,1.05,61.05,0,0.26,0.13,1.01,16.59,-7.38,58.29,
1783262492.821,24.758,straight_walk,2.17,-19.11,34.61,0.72,1.10,82.67,0,0.36,0.05,1.04,16.71,-10.30,80.30,
1783262492.841,24.778,straight_walk,1.70,-19.48,36.58,0.73,1.05,95.47,0,0.40,-0.08,0.97,14.76,-12.13,93.54,
1783262492.861,24.798,straight_walk,0.99,-19.88,38.57,0.73,1.00,96.03,0,0.41,-0.22,0.89,12.80,-13.11,94.27,
1783262492.881,24.818,straight_walk,0.23,-20.23,40.40,0.75,1.00,87.41,0,0.43,-0.30,0.85,12.87,-10.73,85.79,
1783262492.901,24.838,straight_walk,-0.41,-20.39,41.94,0.75,0.95,74.29,0,0.36,-0.28,0.83,13.78,-5.30,72.80,
1783262492.921,24.858,straight_walk,-0.87,-20.32,43.23,0.74,0.90,62.54,0,0.25,-0.25,0.82,16.04,-1.46,60.43,
1783262492.941,24.878,straight_walk,-1.14,-20.09,44.29,0.72,0.86,52.68,0,0.15,-0.21,0.82,17.80,0.73,49.57,
1783262492.961,24.898,straight_walk,-1.26,-19.77,45.13,0.69,0.86,44.13,0,0.08,-0.18,0.84,19.39,0.49,39.63,
1783262492.981,24.918,straight_walk,-1.27,-19.48,45.78,0.66,0.90,36.21,0,0.06,-0.16,0.88,19.39,-2.32,30.49,
1783262493.001,24.938,straight_walk,-1.26,-19.30,46.25,0.66,0.94,29.24,0,0.08,-0.18,0.92,18.29,-6.40,21.89,
1783262493.021,24.958,straight_walk,-1.27,-19.31,46.55,0.67,0.96,24.05,0,0.18,-0.22,0.92,17.20,-8.90,14.27,
1783262493.041,24.978,straight_walk,-1.31,-19.42,46.72,0.69,0.96,19.65,0,0.29,-0.26,0.87,16.34,-7.62,7.80,
1783262493.061,24.998,straight_walk,-1.32,-19.51,46.77,0.72,0.98,15.49,0,0.35,-0.25,0.88,15.06,-2.87,2.20,
1783262493.081,25.018,straight_walk,-1.28,-19.41,46.70,0.74,0.97,14.24,0,0.29,-0.22,0.90,13.54,2.93,-3.29,
1783262493.101,25.038,straight_walk,-1.18,-19.17,46.51,0.76,0.99,15.47,0,0.22,-0.17,0.95,11.22,5.85,-8.90,
1783262493.121,25.058,straight_walk,-1.07,-18.91,46.19,0.78,1.06,17.69,0,0.19,-0.16,1.03,8.41,4.57,-14.88,
1783262493.141,25.078,straight_walk,-0.92,-18.76,45.72,0.81,1.15,23.03,0,0.25,-0.13,1.11,5.79,2.01,-22.20,
1783262493.161,25.098,straight_walk,-0.64,-18.66,45.06,0.82,1.14,32.10,0,0.35,-0.04,1.09,4.39,4.57,-31.46,
1783262493.181,25.118,straight_walk,-0.38,-18.48,44.33,0.84,1.07,36.37,0,0.37,-0.05,1.00,4.09,11.28,-34.33,
1783262493.201,25.138,straight_walk,-0.15,-18.10,43.65,0.87,1.20,37.22,0,0.36,-0.11,1.15,6.46,18.29,-31.77,
1783262493.221,25.158,straight_walk,0.20,-17.53,43.09,0.90,1.31,37.18,0,0.31,0.03,1.27,7.68,24.70,-26.71,
1783262493.241,25.178,straight_walk,0.53,-17.00,42.53,0.92,1.33,36.36,0,0.34,0.10,1.28,3.78,23.90,-27.13,
1783262493.261,25.198,straight_walk,0.74,-16.63,41.81,0.96,1.36,38.76,0,0.38,0.05,1.31,-1.71,17.80,-34.39,
1783262493.281,25.218,straight_walk,0.92,-16.47,40.96,0.99,1.24,42.07,0,0.36,0.04,1.19,-3.96,8.35,-41.04,
1783262493.301,25.238,straight_walk,1.17,-16.63,40.03,1.00,1.13,44.59,0,0.37,0.08,1.07,-3.66,-6.10,-44.02,
1783262493.321,25.258,straight_walk,1.47,-17.10,39.22,0.99,1.06,41.84,0,0.46,0.15,0.94,-4.21,-15.43,-38.66,
1783262493.341,25.278,straight_walk,1.72,-17.60,38.67,0.97,0.99,30.72,0,0.46,0.18,0.86,-5.79,-15.24,-26.04,
1783262493.361,25.298,straight_walk,1.81,-17.97,38.34,0.95,0.94,22.18,0,0.37,0.14,0.85,-8.11,-13.78,-15.37,
1783262493.381,25.318,straight_walk,1.77,-18.27,38.06,0.94,0.96,21.08,0,0.32,0.08,0.90,-9.51,-13.72,-12.87,
1783262493.401,25.338,straight_walk,1.73,-18.51,37.63,0.93,1.01,25.93,0,0.31,0.04,0.97,-9.39,-13.84,-19.82,
1783262493.421,25.358,straight_walk,1.82,-18.75,36.90,0.94,1.04,37.75,0,0.31,0.03,0.99,-7.01,-14.21,-34.27,
1783262493.441,25.378,straight_walk,2.11,-18.94,35.82,0.92,0.95,52.42,0,0.28,0.07,0.90,-5.49,-13.23,-50.43,
1783262493.461,25.399,straight_walk,2.52,-19.14,34.47,0.89,0.87,64.89,0,0.27,0.09,0.82,-5.00,-13.41,-63.29,
1783262493.481,25.418,straight_walk,2.98,-19.31,33.00,0.85,0.83,71.00,0,0.25,0.10,0.78,-5.98,-13.17,-69.51,
1783262493.501,25.438,straight_walk,3.46,-19.44,31.51,0.81,0.84,71.25,0,0.23,0.14,0.80,-7.13,-13.90,-69.51,
1783262493.521,25.458,straight_walk,3.96,-19.58,30.17,0.77,0.89,65.23,0,0.22,0.23,0.83,-9.15,-16.28,-62.50,
1783262493.541,25.478,straight_walk,4.40,-19.74,29.09,0.72,0.93,54.20,0,0.20,0.30,0.85,-11.04,-18.60,-49.70,
1783262493.561,25.498,straight_walk,4.73,-19.97,28.33,0.67,0.94,41.72,0,0.23,0.34,0.85,-13.29,-20.06,-34.09,
1783262493.581,25.518,straight_walk,4.92,-20.25,27.91,0.62,0.92,30.13,0,0.28,0.32,0.82,-15.00,-18.66,-18.29,
1783262493.601,25.538,straight_walk,4.95,-20.54,27.77,0.59,0.91,21.65,0,0.33,0.28,0.81,-15.12,-14.51,-5.43,
1783262493.621,25.559,straight_walk,4.87,-20.75,27.83,0.55,0.87,17.59,0,0.33,0.24,0.77,-15.06,-8.29,3.72,
1783262493.641,25.578,straight_walk,4.76,-20.82,28.02,0.51,0.85,17.58,0,0.32,0.23,0.75,-15.06,-1.34,8.96,
1783262493.661,25.598,straight_walk,4.62,-20.74,28.26,0.48,0.85,19.19,0,0.29,0.24,0.77,-15.24,3.90,10.98,
1783262493.681,25.618,straight_walk,4.42,-20.49,28.52,0.44,0.88,20.65,0,0.23,0.20,0.82,-15.00,8.11,11.65,
1783262493.701,25.638,straight_walk,4.16,-20.19,28.79,0.42,0.96,19.61,0,0.23,0.13,0.92,-12.56,9.39,11.77,
1783262493.721,25.658,straight_walk,3.89,-19.94,29.09,0.42,1.07,18.89,0,0.28,0.10,1.02,-10.12,8.54,13.48,
1783262493.741,25.678,straight_walk,3.57,-19.80,29.47,0.44,1.16,21.25,0,0.38,0.07,1.10,-9.63,7.80,17.26,
1783262493.761,25.698,straight_walk,3.23,-19.70,29.91,0.47,1.14,25.94,0,0.49,0.09,1.03,-11.04,11.89,20.24,
1783262493.781,25.718,straight_walk,2.94,-19.43,30.32,0.50,1.12,30.09,0,0.47,0.16,1.01,-13.84,19.82,17.93,
1783262493.801,25.739,straight_walk,2.61,-18.85,30.63,0.55,1.30,34.24,0,0.40,0.10,1.24,-13.54,28.54,13.23,
1783262493.821,25.758,straight_walk,2.30,-18.13,30.87,0.61,1.42,35.95,0,0.36,0.01,1.37,-9.51,33.23,9.88,
1783262493.841,25.778,straight_walk,2.09,-17.45,31.09,0.69,1.45,34.27,0,0.39,-0.04,1.39,-3.54,32.80,9.27,
1783262493.861,25.798,straight_walk,1.88,-16.99,31.36,0.76,1.36,26.40,0,0.40,-0.03,1.30,-3.17,23.41,11.77,
1783262493.881,25.818,straight_walk,1.55,-16.99,31.70,0.78,1.08,19.11,0,0.42,-0.04,1.00,-7.32,6.83,16.28,
1783262493.901,25.838,straight_walk,1.19,-17.25,32.11,0.77,0.94,20.88,0,0.44,-0.05,0.82,-7.26,-1.59,19.51,
1783262493.921,25.858,straight_walk,0.96,-17.56,32.57,0.77,0.93,23.07,0,0.42,-0.01,0.82,-2.80,-4.88,22.38,
1783262493.941,25.878,straight_walk,0.92,-17.67,33.15,0.76,0.96,27.91,0,0.34,0.05,0.89,4.70,-2.01,27.44,
1783262493.961,25.898,straight_walk,0.99,-17.69,33.90,0.75,0.97,37.79,0,0.27,0.07,0.93,11.40,-1.95,35.98,
1783262493.981,25.918,straight_walk,1.08,-17.74,34.92,0.74,0.98,51.03,0,0.26,0.09,0.94,15.06,-3.90,48.60,
1783262494.001,25.938,straight_walk,1.00,-17.88,36.28,0.73,0.96,66.91,0,0.28,0.04,0.92,15.30,-7.01,64.76,
1783262494.021,25.958,straight_walk,0.65,-18.05,37.94,0.71,0.90,80.76,0,0.27,-0.06,0.86,12.50,-7.93,79.39,
1783262494.041,25.978,straight_walk,0.05,-18.22,39.79,0.69,0.90,89.23,0,0.25,-0.17,0.85,10.49,-9.94,88.05,
1783262494.061,25.998,straight_walk,-0.65,-18.41,41.65,0.68,0.92,89.48,0,0.27,-0.25,0.85,10.00,-11.04,88.23,
1783262494.081,26.018,straight_walk,-1.31,-18.55,43.36,0.68,0.94,82.41,0,0.26,-0.28,0.86,10.73,-10.43,81.04,
1783262494.101,26.038,straight_walk,-1.85,-18.63,44.82,0.68,0.94,70.68,0,0.23,-0.27,0.87,12.07,-10.55,68.84,
1783262494.121,26.058,straight_walk,-2.25,-18.68,45.97,0.68,0.93,56.89,0,0.20,-0.27,0.87,13.35,-10.30,54.33,
1783262494.141,26.079,straight_walk,-2.49,-18.66,46.82,0.68,0.91,43.73,0,0.17,-0.25,0.86,15.91,-9.15,39.70,
1783262494.161,26.098,straight_walk,-2.58,-18.59,47.38,0.68,0.90,32.70,0,0.13,-0.24,0.86,17.80,-8.23,26.16,
1783262494.181,26.118,straight_walk,-2.56,-18.51,47.68,0.68,0.93,24.62,0,0.12,-0.24,0.90,18.48,-8.35,13.96,
1783262494.201,26.138,straight_walk,-2.48,-18.51,47.76,0.70,0.97,20.85,0,0.15,-0.24,0.92,17.93,-10.12,3.29,
1783262494.221,26.158,straight_walk,-2.36,-18.58,47.66,0.72,0.97,20.08,0,0.20,-0.23,0.92,16.65,-9.94,-5.24,
1783262494.241,26.179,straight_walk,-2.24,-18.65,47.43,0.74,0.96,20.44,0,0.22,-0.24,0.90,14.82,-8.66,-11.10,
1783262494.261,26.198,straight_walk,-2.12,-18.69,47.13,0.76,0.96,20.44,0,0.22,-0.21,0.91,12.87,-6.71,-14.39,
1783262494.281,26.218,straight_walk,-1.96,-18.69,46.78,0.78,0.98,20.75,0,0.22,-0.17,0.94,10.73,-5.30,-16.95,
1783262494.301,26.238,straight_walk,-1.79,-18.70,46.36,0.80,1.03,22.14,0,0.25,-0.13,0.99,7.68,-4.63,-20.24,
1783262494.321,26.258,straight_walk,-1.58,-18.72,45.83,0.82,1.13,26.04,0,0.29,-0.10,1.08,6.16,-3.90,-25.00,
1783262494.341,26.278,straight_walk,-1.25,-18.74,45.19,0.84,1.16,30.91,0,0.37,-0.02,1.10,5.43,0.06,-30.43,
1783262494.361,26.298,straight_walk,-0.91,-18.68,44.52,0.84,1.11,32.96,0,0.42,0.00,1.03,5.43,7.20,-31.71,
1783262494.381,26.318,straight_walk,-0.61,-18.39,43.91,0.87,1.25,32.60,0,0.40,-0.03,1.19,5.98,15.06,-28.29,
1783262494.401,26.338,straight_walk,-0.28,-17.94,43.45,0.91,1.42,29.99,0,0.37,0.06,1.37,6.59,19.82,-21.52,
1783262494.421,26.358,straight_walk,0.03,-17.60,43.01,0.95,1.44,27.17,0,0.43,0.12,1.37,3.60,16.89,-20.98,
1783262494.441,26.378,straight_walk,0.24,-17.53,42.46,1.00,1.39,27.57,0,0.53,0.07,1.28,-0.91,8.66,-26.16,
1783262494.461,26.398,straight_walk,0.41,-17.65,41.88,1.01,1.18,28.18,0,0.51,0.06,1.06,-3.29,1.83,-27.93,
1783262494.481,26.419,straight_walk,0.58,-18.00,41.36,1.01,1.02,25.70,0,0.48,0.06,0.90,-2.93,-7.13,-24.51,
1783262494.501,26.438,straight_walk,0.74,-18.45,41.02,0.99,0.95,19.28,0,0.49,0.08,0.81,-2.68,-9.88,-16.34,
1783262494.521,26.458,straight_walk,0.79,-18.83,40.83,0.97,0.93,13.72,0,0.44,0.07,0.81,-4.21,-9.88,-8.54,
1783262494.541,26.478,straight_walk,0.75,-19.12,40.71,0.96,0.94,12.88,0,0.38,0.04,0.86,-6.10,-9.76,-5.79,
1783262494.561,26.498,straight_walk,0.67,-19.33,40.47,0.95,0.98,17.10,0,0.34,0.02,0.92,-8.54,-9.76,-11.16,
1783262494.581,26.518,straight_walk,0.64,-19.54,39.96,0.95,1.03,28.08,0,0.33,0.00,0.98,-9.63,-11.28,-23.84,
1783262494.601,26.538,straight_walk,0.81,-19.77,39.02,0.95,0.99,46.43,0,0.34,0.02,0.93,-7.44,-12.07,-44.21,
1783262494.621,26.558,straight_walk,1.19,-20.02,37.81,0.93,0.91,58.09,0,0.33,0.07,0.84,-5.37,-11.71,-56.65,
1783262494.641,26.578,straight_walk,1.71,-20.24,36.49,0.89,0.85,62.98,0,0.31,0.12,0.79,-3.96,-10.98,-61.89,
1783262494.661,26.598,straight_walk,2.30,-20.42,35.18,0.84,0.82,61.77,0,0.30,0.17,0.75,-3.84,-9.51,-60.91,
1783262494.681,26.618,straight_walk,2.87,-20.51,34.01,0.79,0.81,55.40,0,0.27,0.21,0.74,-4.88,-8.17,-54.57,
1783262494.701,26.638,straight_walk,3.35,-20.57,33.06,0.74,0.83,46.00,0,0.24,0.24,0.76,-7.32,-8.72,-44.57,
1783262494.721,26.658,straight_walk,3.67,-20.59,32.38,0.68,0.88,34.25,0,0.22,0.26,0.81,-10.00,-9.33,-31.40,
1783262494.741,26.678,straight_walk,3.80,-20.62,31.98,0.64,0.91,23.82,0,0.21,0.23,0.85,-12.32,-10.24,-17.62,
1783262494.761,26.698,straight_walk,3.78,-20.70,31.84,0.60,0.92,18.66,0,0.22,0.21,0.87,-13.48,-11.34,-6.16,
1783262494.781,26.718,straight_walk,3.68,-20.85,31.87,0.57,0.91,18.35,0,0.28,0.21,0.84,-15.00,-10.37,2.07,
1783262494.801,26.738,straight_walk,3.49,-20.96,32.00,0.53,0.86,19.00,0,0.30,0.18,0.78,-17.07,-5.18,6.52,
1783262494.822,26.759,straight_walk,3.24,-20.99,32.15,0.49,0.82,20.40,0,0.30,0.17,0.75,-19.09,-0.30,7.20,
1783262494.841,26.778,straight_walk,2.94,-20.88,32.28,0.45,0.85,21.29,0,0.28,0.13,0.79,-20.12,4.27,5.49,
1783262494.861,26.798,straight_walk,2.60,-20.66,32.33,0.43,0.93,19.61,0,0.27,0.07,0.88,-18.17,7.07,2.07,
1783262494.881,26.818,straight_walk,2.33,-20.42,32.29,0.43,1.06,15.33,0,0.29,0.04,1.02,-13.35,7.26,-2.01,
1783262494.901,26.838,straight_walk,2.18,-20.29,32.25,0.46,1.19,12.01,0,0.41,0.07,1.11,-10.12,6.04,-2.32,
1783262494.921,26.859,straight_walk,2.01,-20.18,32.33,0.49,1.19,15.20,0,0.52,0.07,1.07,-9.27,11.59,3.29,
1783262494.941,26.878,straight_walk,1.87,-19.87,32.48,0.50,1.06,24.32,0,0.44,0.14,0.95,-11.22,20.61,6.40,
1783262494.961,26.898,straight_walk,1.68,-19.38,32.60,0.53,1.22,28.40,0,0.42,0.11,1.14,-11.28,25.61,4.82,
1783262494.981,26.918,straight_walk,1.48,-18.68,32.69,0.59,1.36,33.99,0,0.39,0.01,1.30,-7.26,33.05,3.23,
1783262495.001,26.939,straight_walk,1.35,-17.93,32.75,0.66,1.35,36.65,0,0.40,-0.08,1.29,-0.79,36.59,2.07,
1783262495.021,26.958,straight_walk,1.24,-17.25,32.85,0.73,1.35,34.58,0,0.41,-0.09,1.29,1.59,34.33,3.84,
1783262495.041,26.978,straight_walk,1.04,-16.89,32.95,0.78,1.29,18.47,0,0.37,-0.14,1.23,-0.73,17.87,4.63,
1783262495.061,26.998,straight_walk,0.78,-17.05,33.02,0.82,1.14,4.84,0,0.44,-0.16,1.04,-2.68,-2.32,3.29,
1783262495.081,27.018,straight_walk,0.62,-17.48,33.04,0.83,1.05,10.88,0,0.49,-0.09,0.92,-1.52,-10.73,0.98,
1783262495.101,27.038,straight_walk,0.63,-17.89,33.00,0.85,1.03,11.92,0,0.46,-0.01,0.93,1.22,-11.71,-1.89,
1783262495.121,27.058,straight_walk,0.77,-18.16,32.95,0.85,1.05,11.69,0,0.38,0.05,0.97,4.39,-10.61,-2.20,
1783262495.141,27.078,straight_walk,1.02,-18.43,33.00,0.85,1.03,14.32,0,0.36,0.09,0.96,8.78,-10.98,2.74,
1783262495.161,27.099,straight_walk,1.29,-18.69,33.41,0.85,1.01,25.66,0,0.35,0.14,0.94,12.80,-10.67,19.51,
1783262495.181,27.118,straight_walk,1.39,-18.87,34.32,0.83,0.94,47.10,0,0.26,0.10,0.90,14.27,-11.16,43.48,
1783262495.201,27.138,straight_walk,1.24,-19.13,35.65,0.80,0.88,66.77,0,0.24,0.02,0.85,14.15,-15.37,63.41,
1783262495.221,27.158,straight_walk,0.87,-19.51,37.22,0.77,0.84,77.79,0,0.25,-0.07,0.80,13.41,-19.33,74.15,
1783262495.241,27.178,straight_walk,0.35,-19.97,38.82,0.76,0.89,79.81,0,0.33,-0.17,0.81,13.54,-19.88,76.10,
1783262495.261,27.198,straight_walk,-0.17,-20.39,40.27,0.76,0.93,72.15,0,0.37,-0.23,0.82,14.57,-17.68,68.41,
1783262495.281,27.218,straight_walk,-0.64,-20.75,41.42,0.78,0.95,57.89,0,0.38,-0.28,0.82,15.61,-14.88,53.72,
1783262495.301,27.238,straight_walk,-0.95,-20.95,42.21,0.78,0.92,41.74,0,0.33,-0.28,0.81,16.83,-10.55,36.71,
1783262495.321,27.258,straight_walk,-1.04,-20.91,42.60,0.78,0.87,26.48,0,0.21,-0.24,0.80,18.41,-5.00,18.35,
1783262495.341,27.278,straight_walk,-1.01,-20.73,42.76,0.77,0.85,19.57,0,0.14,-0.21,0.81,17.99,-2.62,7.26,
1783262495.361,27.298,straight_walk,-0.91,-20.53,42.72,0.75,0.84,16.00,0,0.12,-0.18,0.81,15.73,-2.26,-1.89,
1783262495.381,27.318,straight_walk,-0.82,-20.38,42.54,0.74,0.82,15.28,0,0.16,-0.16,0.79,12.50,-1.83,-8.60,
1783262495.401,27.338,straight_walk,-0.74,-20.27,42.26,0.74,0.82,15.73,0,0.21,-0.14,0.79,8.60,-0.18,-13.17,
1783262495.421,27.358,straight_walk,-0.70,-20.17,41.92,0.74,0.86,16.55,0,0.25,-0.13,0.81,5.12,2.01,-15.61,
1783262495.441,27.378,straight_walk,-0.66,-20.04,41.54,0.75,0.94,18.71,0,0.30,-0.11,0.89,1.95,5.61,-17.74,
1783262495.461,27.398,straight_walk,-0.63,-19.89,41.10,0.77,1.09,22.23,0,0.37,-0.11,1.02,-0.49,7.68,-20.85,
1783262495.481,27.418,straight_walk,-0.56,-19.66,40.59,0.79,1.19,26.09,0,0.37,-0.07,1.13,-2.13,10.24,-23.90,
1783262495.501,27.438,straight_walk,-0.42,-19.42,40.05,0.82,1.23,28.17,0,0.41,-0.01,1.16,-2.20,12.44,-25.18,
1783262495.521,27.458,straight_walk,-0.28,-19.07,39.58,0.84,1.26,28.01,0,0.40,-0.01,1.20,-0.55,17.07,-22.20,
1783262495.541,27.478,straight_walk,-0.13,-18.70,39.25,0.89,1.48,24.09,0,0.42,0.04,1.42,2.13,18.54,-15.24,
1783262495.561,27.498,straight_walk,-0.04,-18.29,39.05,0.94,1.56,22.79,0,0.48,0.20,1.47,1.10,20.73,-9.39,
1783262495.581,27.518,straight_walk,-0.06,-17.98,38.88,0.99,1.48,17.60,0,0.53,0.19,1.37,-3.41,15.24,-8.11,
1783262495.601,27.538,straight_walk,0.01,-17.83,38.77,1.00,1.21,15.03,0,0.47,0.13,1.11,-5.49,12.87,-5.49,
1783262495.621,27.558,straight_walk,0.06,-17.80,38.79,0.99,0.99,7.36,0,0.38,0.11,0.90,-4.02,6.10,0.91,
1783262495.641,27.578,straight_walk,0.01,-17.98,38.92,0.97,0.90,7.61,0,0.39,0.05,0.81,-4.02,-1.22,6.34,
1783262495.661,27.598,straight_walk,-0.19,-18.32,39.10,0.96,0.92,11.90,0,0.43,-0.05,0.81,-3.72,-7.20,8.72,
1783262495.681,27.618,straight_walk,-0.50,-18.61,39.27,0.97,0.96,12.08,0,0.40,-0.14,0.86,-3.78,-8.11,8.11,
1783262495.701,27.638,straight_walk,-0.77,-18.77,39.29,0.98,0.98,8.69,0,0.32,-0.15,0.91,-4.21,-7.56,0.79,
1783262495.721,27.658,straight_walk,-0.91,-18.89,39.00,0.98,0.97,18.57,0,0.26,-0.09,0.94,-7.20,-9.63,-14.15,
1783262495.741,27.678,straight_walk,-0.88,-19.02,38.26,0.96,0.97,38.51,0,0.21,-0.03,0.95,-10.12,-12.13,-35.12,
1783262495.761,27.698,straight_walk,-0.68,-19.24,37.07,0.95,0.94,59.17,0,0.25,0.02,0.91,-11.04,-14.57,-56.28,
1783262495.781,27.718,straight_walk,-0.26,-19.54,35.56,0.92,0.91,73.74,0,0.29,0.09,0.85,-10.43,-14.88,-71.46,
1783262495.801,27.738,straight_walk,0.31,-19.83,33.92,0.88,0.89,79.07,0,0.33,0.15,0.81,-9.39,-12.56,-77.50,
1783262495.821,27.758,straight_walk,0.97,-20.11,32.33,0.84,0.90,75.72,0,0.37,0.22,0.79,-8.48,-10.00,-74.57,
1783262495.841,27.778,straight_walk,1.63,-20.34,30.99,0.81,0.93,64.05,0,0.40,0.27,0.79,-7.99,-6.95,-63.17,
1783262495.861,27.798,straight_walk,2.21,-20.43,30.04,0.76,0.93,45.05,0,0.35,0.33,0.79,-8.11,-4.45,-44.09,
1783262495.881,27.818,straight_walk,2.63,-20.39,29.59,0.70,0.90,23.29,0,0.22,0.35,0.81,-8.11,-4.88,-21.28,
1783262495.901,27.838,straight_walk,2.83,-20.27,29.59,0.64,0.89,9.57,0,0.13,0.30,0.83,-7.32,-6.16,0.43,
1783262495.921,27.858,straight_walk,2.89,-20.22,29.92,0.58,0.86,18.48,0,0.13,0.23,0.81,-4.51,-8.35,15.85,
1783262495.941,27.878,straight_walk,2.84,-20.29,30.46,0.54,0.87,27.36,0,0.21,0.17,0.83,-2.68,-8.72,25.79,
1783262495.961,27.898,straight_walk,2.76,-20.39,31.05,0.51,0.89,28.88,0,0.26,0.15,0.83,-1.52,-6.95,27.99,
1783262495.981,27.918,straight_walk,2.66,-20.50,31.55,0.49,0.90,24.08,0,0.34,0.12,0.83,-1.52,-3.05,23.84,
1783262496.001,27.938,straight_walk,2.58,-20.53,31.90,0.48,0.94,16.41,0,0.36,0.09,0.86,-1.46,1.46,16.28,
1783262496.021,27.958,straight_walk,2.54,-20.41,32.13,0.47,0.97,12.41,0,0.35,0.08,0.90,-0.67,6.89,10.30,
1783262496.041,27.978,straight_walk,2.49,-20.16,32.38,0.47,1.05,15.97,0,0.33,0.11,0.99,-1.83,11.16,11.28,
1783262496.061,27.998,straight_walk,2.35,-19.90,32.72,0.49,1.12,20.68,0,0.35,0.12,1.06,-5.30,12.26,15.79,
1783262496.081,28.018,straight_walk,2.06,-19.62,33.22,0.50,1.11,29.18,0,0.39,0.09,1.03,-9.15,15.91,22.68,
1783262496.101,28.038,straight_walk,1.69,-19.22,33.79,0.52,1.11,35.72,0,0.39,0.07,1.04,-10.98,22.13,25.79,
1783262496.121,28.058,straight_walk,1.32,-18.67,34.28,0.57,1.31,36.59,0,0.40,0.00,1.25,-9.45,27.32,22.44,
1783262496.141,28.078,straight_walk,1.12,-18.04,34.61,0.66,1.50,35.42,0,0.45,-0.10,1.43,-4.51,31.83,14.88,
1783262496.161,28.098,straight_walk,1.04,-17.43,34.75,0.76,1.51,31.22,0,0.50,-0.12,1.42,-2.07,30.49,6.40,
1783262496.181,28.118,straight_walk,0.81,-17.05,34.72,0.83,1.31,23.83,0,0.47,-0.12,1.22,-5.43,23.11,-2.13,
1783262496.201,28.138,straight_walk,0.52,-16.94,34.55,0.85,1.07,18.05,0,0.44,-0.12,0.97,-9.57,12.74,-8.48,
1783262496.221,28.158,straight_walk,0.21,-16.94,34.32,0.84,0.93,15.20,0,0.37,-0.14,0.84,-8.60,6.28,-10.85,
1783262496.241,28.178,straight_walk,0.07,-17.02,34.11,0.83,0.92,10.61,0,0.30,-0.11,0.86,-3.17,-1.95,-9.94,
1783262496.261,28.198,straight_walk,0.23,-17.08,34.01,0.81,0.93,8.67,0,0.24,0.03,0.90,4.94,-5.24,-4.82,
1783262496.281,28.218,straight_walk,0.60,-17.22,34.14,0.80,1.00,15.23,0,0.26,0.17,0.95,10.30,-9.33,6.22,
1783262496.301,28.238,straight_walk,1.00,-17.39,34.61,0.78,1.03,27.64,0,0.26,0.28,0.95,11.52,-10.91,22.62,
1783262496.321,28.258,straight_walk,1.15,-17.73,35.49,0.78,1.02,45.69,0,0.35,0.20,0.94,9.57,-13.96,42.44,
1783262496.341,28.278,straight_walk,0.92,-18.17,36.77,0.77,0.95,62.70,0,0.38,0.04,0.87,5.85,-14.94,60.61,
1783262496.361,28.298,straight_walk,0.38,-18.62,38.30,0.76,0.93,74.73,0,0.40,-0.11,0.83,5.00,-14.63,73.11,
1783262496.381,28.318,straight_walk,-0.32,-19.02,39.93,0.76,0.95,78.98,0,0.41,-0.22,0.82,6.28,-12.44,77.74,
1783262496.401,28.338,straight_walk,-0.99,-19.24,41.53,0.77,0.97,76.79,0,0.36,-0.27,0.86,9.33,-8.66,75.73,
1783262496.421,28.358,straight_walk,-1.52,-19.31,42.97,0.77,0.95,69.06,0,0.29,-0.24,0.88,11.59,-6.16,67.80,
1783262496.441,28.378,straight_walk,-1.92,-19.29,44.16,0.76,0.92,57.55,0,0.23,-0.23,0.86,12.80,-5.91,55.79,
1783262496.461,28.398,straight_walk,-2.21,-19.20,45.06,0.75,0.90,44.57,0,0.17,-0.23,0.85,13.23,-5.12,42.26,
1783262496.481,28.418,straight_walk,-2.41,-19.06,45.64,0.73,0.89,30.66,0,0.13,-0.23,0.85,12.56,-5.12,27.50,
1783262496.501,28.438,straight_walk,-2.52,-18.93,45.93,0.72,0.87,18.38,0,0.12,-0.22,0.83,11.59,-5.49,13.17,
1783262496.521,28.458,straight_walk,-2.58,-18.85,45.94,0.71,0.85,11.59,0,0.14,-0.22,0.80,10.30,-5.30,0.30,
1783262496.541,28.478,straight_walk,-2.60,-18.78,45.73,0.70,0.84,14.08,0,0.17,-0.23,0.79,9.09,-3.48,-10.18,
1783262496.561,28.498,straight_walk,-2.58,-18.69,45.35,0.71,0.87,20.36,0,0.18,-0.24,0.82,9.09,-1.28,-18.17,
1783262496.581,28.518,straight_walk,-2.46,-18.56,44.85,0.72,0.93,25.29,0,0.19,-0.21,0.88,9.09,0.61,-23.60,
1783262496.601,28.538,straight_walk,-2.25,-18.40,44.27,0.73,0.98,28.77,0,0.20,-0.16,0.94,9.02,2.62,-27.20,
1783262496.621,28.558,straight_walk,-2.00,-18.24,43.63,0.75,1.07,31.37,0,0.21,-0.13,1.04,7.56,2.20,-30.37,
1783262496.641,28.578,straight_walk,-1.74,-18.15,42.91,0.77,1.19,34.78,0,0.27,-0.11,1.16,5.91,0.24,-34.27,
1783262496.661,28.598,straight_walk,-1.39,-18.16,42.10,0.80,1.24,38.51,0,0.38,-0.04,1.18,5.06,0.73,-38.17,
1783262496.681,28.618,straight_walk,-1.00,-18.19,41.30,0.81,1.15,38.90,0,0.49,0.02,1.04,4.94,6.40,-38.05,
1783262496.701,28.638,straight_walk,-0.66,-18.01,40.59,0.82,1.05,38.97,0,0.49,0.01,0.93,4.63,19.82,-33.23,
1783262496.721,28.658,straight_walk,-0.38,-17.40,40.07,0.84,1.18,40.48,0,0.38,-0.01,1.12,5.55,31.59,-24.70,
1783262496.741,28.678,straight_walk,-0.11,-16.58,39.74,0.86,1.32,38.83,0,0.24,0.05,1.30,6.34,35.06,-15.43,
1783262496.761,28.698,straight_walk,0.06,-16.14,39.38,0.91,1.45,28.24,0,0.23,0.06,1.43,3.66,22.20,-17.07,
1783262496.781,28.718,straight_walk,0.32,-15.98,38.84,0.94,1.31,26.69,0,0.33,0.09,1.26,1.52,6.46,-25.85,
1783262496.801,28.738,straight_walk,0.62,-16.22,38.17,0.95,1.14,33.11,0,0.42,0.13,1.05,-0.61,-6.89,-32.38,
1783262496.821,28.758,straight_walk,1.01,-16.70,37.53,0.94,1.08,33.58,0,0.48,0.23,0.93,-2.50,-13.72,-30.55,
1783262496.841,28.778,straight_walk,1.33,-17.18,37.14,0.91,1.00,23.91,0,0.46,0.26,0.85,-5.91,-13.90,-18.54,
1783262496.861,28.798,straight_walk,1.41,-17.57,37.07,0.88,0.96,16.74,0,0.38,0.21,0.86,-8.96,-13.84,-2.87,
1783262496.881,28.818,straight_walk,1.27,-17.91,37.25,0.87,0.97,19.42,0,0.33,0.10,0.90,-9.57,-14.51,8.66,
1783262496.901,28.838,straight_walk,1.02,-18.23,37.47,0.88,1.05,20.74,0,0.33,0.00,0.99,-8.35,-15.49,10.98,
1783262496.921,28.858,straight_walk,0.80,-18.58,37.50,0.90,1.10,16.99,0,0.37,-0.09,1.03,-4.76,-16.22,1.71,
1783262496.941,28.878,straight_walk,0.81,-18.91,37.16,0.91,1.00,21.22,0,0.37,-0.04,0.93,-1.10,-13.78,-16.10,
1783262496.961,28.898,straight_walk,1.05,-19.19,36.43,0.89,0.88,36.06,0,0.34,0.02,0.81,-0.61,-11.04,-34.33,
1783262496.981,28.918,straight_walk,1.38,-19.38,35.41,0.85,0.81,48.84,0,0.29,0.04,0.75,-2.32,-8.41,-48.05,
1783262497.001,28.938,straight_walk,1.73,-19.45,34.24,0.81,0.81,55.52,0,0.24,0.04,0.77,-3.60,-7.20,-54.94,
1783262497.021,28.958,straight_walk,2.10,-19.44,33.08,0.77,0.83,55.42,0,0.18,0.08,0.81,-4.09,-8.35,-54.63,
1783262497.041,28.978,straight_walk,2.50,-19.46,32.05,0.73,0.87,49.24,0,0.17,0.14,0.84,-4.45,-11.46,-47.68,
1783262497.061,28.998,straight_walk,2.86,-19.58,31.28,0.68,0.87,39.16,0,0.20,0.19,0.83,-5.12,-14.15,-36.16,
1783262497.081,29.018,straight_walk,3.16,-19.78,30.76,0.64,0.88,28.42,0,0.25,0.21,0.82,-5.79,-14.63,-23.66,
1783262497.101,29.038,straight_walk,3.36,-20.01,30.47,0.60,0.87,18.47,0,0.31,0.21,0.79,-6.34,-11.71,-12.80,
1783262497.121,29.058,straight_walk,3.51,-20.19,30.36,0.57,0.85,10.59,0,0.33,0.21,0.75,-6.89,-6.10,-5.24,
1783262497.141,29.078,straight_walk,3.62,-20.20,30.35,0.53,0.85,7.81,0,0.31,0.22,0.77,-7.80,0.12,-0.37,
1783262497.161,29.098,straight_walk,3.64,-20.03,30.42,0.49,0.88,10.00,0,0.25,0.20,0.82,-8.11,5.00,3.05,
1783262497.181,29.118,straight_walk,3.60,-19.71,30.58,0.46,0.93,13.11,0,0.20,0.16,0.90,-6.34,9.27,6.77,
1783262497.201,29.138,straight_walk,3.52,-19.40,30.78,0.45,1.02,13.57,0,0.23,0.11,0.98,-3.48,9.63,8.90,
1783262497.221,29.158,straight_walk,3.46,-19.09,31.06,0.45,1.11,16.68,0,0.27,0.12,1.07,-1.28,11.04,12.44,
1783262497.241,29.178,straight_walk,3.34,-18.83,31.45,0.47,1.14,21.30,0,0.32,0.11,1.09,-1.95,11.52,17.80,
1783262497.261,29.198,straight_walk,3.17,-18.60,31.92,0.49,1.12,26.56,0,0.39,0.11,1.05,-3.96,14.70,21.77,
1783262497.281,29.218,straight_walk,2.92,-18.26,32.37,0.54,1.27,28.89,0,0.43,0.08,1.19,-5.67,19.76,20.30,
1783262497.301,29.238,straight_walk,2.73,-17.76,32.76,0.63,1.50,31.01,0,0.43,-0.01,1.44,-3.60,25.55,17.20,
1783262497.321,29.258,straight_walk,2.61,-17.22,33.08,0.73,1.53,31.32,0,0.45,-0.04,1.46,-0.85,28.05,13.90,
1783262497.341,29.278,straight_walk,2.39,-16.79,33.31,0.80,1.39,24.91,0,0.42,-0.05,1.32,-3.23,22.74,9.63,
1783262497.361,29.298,straight_walk,2.10,-16.70,33.36,0.84,1.17,11.43,0,0.42,-0.09,1.08,-7.07,8.72,2.13,
1783262497.381,29.318,straight_walk,1.83,-16.85,33.26,0.84,0.98,8.83,0,0.40,-0.08,0.89,-7.44,0.06,-4.76,
1783262497.401,29.338,straight_walk,1.75,-17.08,33.09,0.83,0.92,10.60,0,0.35,-0.03,0.86,-2.20,-6.83,-7.80,
1783262497.421,29.358,straight_walk,1.94,-17.37,32.96,0.83,0.99,13.91,0,0.36,0.05,0.93,6.16,-10.98,-5.91,
1783262497.441,29.378,straight_walk,2.35,-17.64,33.03,0.83,1.06,19.62,0,0.33,0.16,0.99,14.51,-12.68,3.66,
1783262497.461,29.399,straight_walk,2.91,-18.01,33.58,0.83,1.06,37.03,0,0.39,0.29,0.94,21.71,-13.66,26.71,
1783262497.481,29.418,straight_walk,3.25,-18.47,34.65,0.83,1.02,57.17,0,0.45,0.25,0.88,20.98,-12.68,51.65,
1783262497.501,29.438,straight_walk,3.17,-18.91,36.21,0.82,0.94,77.34,0,0.43,0.10,0.83,16.95,-9.33,74.88,
1783262497.521,29.458,straight_walk,2.72,-19.26,38.11,0.80,0.89,91.65,0,0.36,-0.04,0.81,13.60,-7.68,90.30,
1783262497.541,29.478,straight_walk,2.04,-19.50,40.10,0.79,0.90,95.83,0,0.31,-0.16,0.83,12.62,-7.56,94.70,
1783262497.561,29.498,straight_walk,1.37,-19.68,41.97,0.78,0.94,89.65,0,0.27,-0.22,0.87,13.23,-8.78,88.23,
1783262497.581,29.518,straight_walk,0.80,-19.81,43.57,0.77,0.95,77.63,0,0.22,-0.22,0.89,13.72,-11.04,75.61,
1783262497.601,29.538,straight_walk,0.36,-19.93,44.85,0.76,0.94,63.54,0,0.20,-0.22,0.89,14.02,-12.93,60.61,
1783262497.621,29.558,straight_walk,0.02,-20.04,45.83,0.75,0.89,49.78,0,0.19,-0.21,0.85,13.66,-13.11,46.04,
1783262497.641,29.578,straight_walk,-0.23,-20.08,46.51,0.73,0.84,36.42,0,0.16,-0.19,0.81,12.62,-11.59,32.13,
1783262497.661,29.598,straight_walk,-0.42,-20.07,46.90,0.72,0.86,23.45,0,0.14,-0.20,0.82,10.79,-10.37,18.05,
1783262497.681,29.618,straight_walk,-0.58,-20.06,47.01,0.71,0.87,13.82,0,0.16,-0.22,0.83,8.84,-9.21,5.30,
1783262497.701,29.638,straight_walk,-0.68,-20.05,46.90,0.71,0.84,11.20,0,0.20,-0.22,0.79,7.68,-5.85,-5.67,
1783262497.721,29.658,straight_walk,-0.74,-19.98,46.59,0.71,0.81,16.05,0,0.20,-0.21,0.76,6.65,-1.65,-14.51,
1783262497.741,29.678,straight_walk,-0.71,-19.82,46.13,0.71,0.86,22.50,0,0.20,-0.18,0.82,5.85,1.89,-21.65,
1783262497.761,29.698,straight_walk,-0.56,-19.61,45.55,0.72,0.93,27.62,0,0.21,-0.13,0.90,5.49,3.60,-26.83,
1783262497.781,29.718,straight_walk,-0.34,-19.42,44.88,0.74,1.08,31.89,0,0.25,-0.09,1.05,4.09,3.78,-31.40,
1783262497.801,29.738,straight_walk,-0.07,-19.29,44.11,0.77,1.24,36.69,0,0.34,-0.04,1.19,2.50,3.17,-36.46,
1783262497.821,29.758,straight_walk,0.26,-19.23,43.27,0.79,1.27,39.93,0,0.45,0.02,1.19,1.83,4.51,-39.63,
1783262497.841,29.778,straight_walk,0.61,-19.13,42.44,0.81,1.19,41.17,0,0.51,0.06,1.07,1.10,11.52,-39.51,
1783262497.861,29.798,straight_walk,0.90,-18.81,41.72,0.83,1.24,39.27,0,0.47,0.07,1.15,0.49,19.39,-34.15,
1783262497.881,29.818,straight_walk,1.18,-18.25,41.22,0.85,1.28,36.05,0,0.38,0.14,1.21,0.12,26.71,-24.21,
1783262497.901,29.838,straight_walk,1.36,-17.69,40.83,0.88,1.31,32.17,0,0.37,0.13,1.25,-1.59,26.16,-18.66,
1783262497.921,29.858,straight_walk,1.46,-17.32,40.46,0.92,1.31,26.22,0,0.40,0.09,1.24,-3.41,18.41,-18.35,
1783262497.941,29.878,straight_walk,1.54,-17.24,40.06,0.94,1.19,20.79,0,0.42,0.08,1.12,-4.39,6.65,-19.21,
1783262497.961,29.899,straight_walk,1.64,-17.49,39.64,0.95,1.10,21.20,0,0.48,0.11,0.98,-6.04,-4.51,-19.82,
1783262497.981,29.918,straight_walk,1.70,-17.86,39.28,0.94,1.01,20.98,0,0.49,0.13,0.87,-9.63,-7.62,-17.01,
1783262498.001,29.938,straight_walk,1.57,-18.15,38.99,0.93,0.98,21.05,0,0.41,0.07,0.89,-13.60,-8.17,-13.84,
1783262498.021,29.958,straight_walk,1.33,-18.34,38.70,0.93,0.99,21.99,0,0.34,0.00,0.92,-15.55,-7.87,-13.41,
1783262498.041,29.978,straight_walk,1.06,-18.44,38.32,0.93,0.99,25.43,0,0.29,-0.03,0.94,-16.34,-7.20,-18.11,
1783262498.061,29.998,straight_walk,0.89,-18.57,37.68,0.93,0.99,34.70,0,0.28,-0.04,0.94,-15.24,-8.90,-29.88,
1783262498.081,30.018,straight_walk,0.95,-18.72,36.71,0.92,0.95,48.29,0,0.31,0.02,0.90,-12.74,-8.17,-45.85,
