aipp_op{
    aipp_mode:static
    input_format : RGB888_U8

    src_image_size_w : 304
    src_image_size_h : 304

    mean_chn_0: 123
    mean_chn_1: 116
    mean_chn_2: 103
    min_chn_0 : 0.675
    min_chn_1 : 0.28
    min_chn_2 : 0.53
    var_reci_chn_0: 0.0171247538316637
    var_reci_chn_1: 0.0175070028011204
    var_reci_chn_2: 0.0174291938997821
}